1747506444891 0.0010000000474974513 0
1747506462965 0.0010000000474974513 1
1747506476930 0.0010000000474974513 2
1747506494058 0.0010000000474974513 3
1747506509292 0.0010000000474974513 4
1747506526284 0.0010000000474974513 5
1747506539502 0.0010000000474974513 6
1747506556018 0.0010000000474974513 7
1747506573644 0.0010000000474974513 8
1747506587644 0.0010000000474974513 9
1747506603895 0.0010000000474974513 10
1747506617680 0.0010000000474974513 11
1747506630803 0.0010000000474974513 12
1747506648153 0.0010000000474974513 13
1747506660487 0.0010000000474974513 14
1747506677826 0.0010000000474974513 15
1747506690898 0.0010000000474974513 16
1747506708054 0.0010000000474974513 17
1747506724441 0.0010000000474974513 18
1747506743420 0.0010000000474974513 19
1747506759571 0.0010000000474974513 20
1747506773150 0.0010000000474974513 21
1747506789494 0.0010000000474974513 22
1747506803250 0.0010000000474974513 23
1747506817951 0.0005000000237487257 24
1747506833508 0.0005000000237487257 25
1747506848987 0.0005000000237487257 26
1747506865221 0.0005000000237487257 27
1747506880194 0.0005000000237487257 28
1747506896698 0.0005000000237487257 29
1747506910424 0.0005000000237487257 30
1747506926467 0.0005000000237487257 31
1747506943908 0.0005000000237487257 32
1747506962423 0.0005000000237487257 33
1747506986374 0.0005000000237487257 34
1747507006902 0.0005000000237487257 35
1747507020474 0.0005000000237487257 36
1747507033469 0.0005000000237487257 37
1747507048671 0.0005000000237487257 38
1747507067416 0.0005000000237487257 39
1747507083255 0.0005000000237487257 40
1747507097860 0.0005000000237487257 41
1747507112233 0.0005000000237487257 42
1747507126137 0.0005000000237487257 43
1747507144206 0.0005000000237487257 44
1747507161671 0.0005000000237487257 45
1747507174412 0.0005000000237487257 46
1747507186807 0.0005000000237487257 47
1747507205437 0.0005000000237487257 48
1747507217640 0.0005000000237487257 49
