1747506444891 3.431661605834961 0
1747506462965 1.5905967950820923 1
1747506476930 1.3678991794586182 2
1747506494058 1.2675734758377075 3
1747506509292 1.2059218883514404 4
1747506526284 1.170839786529541 5
1747506539502 1.1385353803634644 6
1747506556018 1.114205241203308 7
1747506573644 1.0998878479003906 8
1747506587644 1.0811055898666382 9
1747506603895 1.0694681406021118 10
1747506617680 1.055249571800232 11
1747506630803 1.0515782833099365 12
1747506648153 1.0392787456512451 13
1747506660487 1.029881238937378 14
1747506677826 1.0243239402770996 15
1747506690898 1.0228995084762573 16
1747506708054 1.0136644840240479 17
1747506724441 1.0142048597335815 18
1747506743420 1.0059114694595337 19
1747506759571 0.999080240726471 20
1747506773150 0.9995956420898438 21
1747506789494 0.9992839694023132 22
1747506803250 0.9954437017440796 23
1747506817951 0.9391096830368042 24
1747506833508 0.9257086515426636 25
1747506848987 0.9225468039512634 26
1747506865221 0.9143301844596863 27
1747506880194 0.9149901270866394 28
1747506896698 0.9096975922584534 29
1747506910424 0.9047295451164246 30
1747506926467 0.9025523662567139 31
1747506943908 0.9006838798522949 32
1747506962423 0.8972671627998352 33
1747506986374 0.9003223180770874 34
1747507006902 0.8934316039085388 35
1747507020474 0.893665075302124 36
1747507033469 0.8929188251495361 37
1747507048671 0.8902004361152649 38
1747507067416 0.8875213861465454 39
1747507083255 0.8866800665855408 40
1747507097860 0.8881849646568298 41
1747507112233 0.8813318014144897 42
1747507126137 0.8842792510986328 43
1747507144206 0.8834406733512878 44
1747507161671 0.882923424243927 45
1747507174412 0.8774909973144531 46
1747507186807 0.8827580809593201 47
1747507205437 0.8801144361495972 48
1747507217640 0.8767308592796326 49
