1747506444891 1.2346861362457275 0
1747506462965 0.8269276022911072 1
1747506476930 0.7619998455047607 2
1747506494058 0.7298287749290466 3
1747506509292 0.7100645303726196 4
1747506526284 0.6964296698570251 5
1747506539502 0.6847168803215027 6
1747506556018 0.6752011179924011 7
1747506573644 0.6698947548866272 8
1747506587644 0.6624302268028259 9
1747506603895 0.6574321985244751 10
1747506617680 0.652134358882904 11
1747506630803 0.6484125256538391 12
1747506648153 0.6451597809791565 13
1747506660487 0.641158401966095 14
1747506677826 0.6391791105270386 15
1747506690898 0.637895941734314 16
1747506708054 0.6349732279777527 17
1747506724441 0.6348534822463989 18
1747506743420 0.6318226456642151 19
1747506759571 0.6299629211425781 20
1747506773150 0.6303321719169617 21
1747506789494 0.630143940448761 22
1747506803250 0.6281742453575134 23
1747506817951 0.6097872257232666 24
1747506833508 0.607467532157898 25
1747506848987 0.6067895293235779 26
1747506865221 0.6062196493148804 27
1747506880194 0.6059796214103699 28
1747506896698 0.6050445437431335 29
1747506910424 0.6039583086967468 30
1747506926467 0.6044222116470337 31
1747506943908 0.6037572026252747 32
1747506962423 0.6028023362159729 33
1747506986374 0.6043599843978882 34
1747507006902 0.6027564406394958 35
1747507020474 0.6040855050086975 36
1747507033469 0.6024700999259949 37
1747507048671 0.6028149127960205 38
1747507067416 0.6018822193145752 39
1747507083255 0.601875901222229 40
1747507097860 0.6021860241889954 41
1747507112233 0.6005505919456482 42
1747507126137 0.601790189743042 43
1747507144206 0.6017429828643799 44
1747507161671 0.6015880107879639 45
1747507174412 0.5993528962135315 46
1747507186807 0.6014726161956787 47
1747507205437 0.6010140776634216 48
1747507217640 0.6003190875053406 49
