1739292550734 0.0010000000474974513 0
1739292566257 0.0010000000474974513 1
1739292581920 0.0010000000474974513 2
1739292597837 0.0010000000474974513 3
1739292613240 0.0010000000474974513 4
1739292628509 0.0010000000474974513 5
1739292643843 0.0010000000474974513 6
1739292659262 0.0010000000474974513 7
1739292674729 0.0010000000474974513 8
1739292690274 0.0010000000474974513 9
1739292705508 0.0010000000474974513 10
1739292720770 0.0010000000474974513 11
1739292736080 0.0010000000474974513 12
1739292751437 0.0010000000474974513 13
1739292766692 0.0010000000474974513 14
1739292781858 0.0010000000474974513 15
1739292797064 0.0010000000474974513 16
1739292812440 0.0010000000474974513 17
1739292827705 0.0010000000474974513 18
1739292842918 0.0010000000474974513 19
1739292858263 0.0010000000474974513 20
1739292873971 0.0010000000474974513 21
1739292889389 0.0010000000474974513 22
1739292904734 0.0005000000237487257 23
1739292920159 0.0005000000237487257 24
1739292935389 0.0005000000237487257 25
1739292950697 0.0005000000237487257 26
1739292965891 0.0005000000237487257 27
1739292981151 0.0005000000237487257 28
1739292996734 0.0005000000237487257 29
1739293012026 0.0005000000237487257 30
1739293027433 0.0005000000237487257 31
1739293042754 0.0005000000237487257 32
1739293058154 0.0005000000237487257 33
1739293073393 0.0005000000237487257 34
1739293088570 0.0005000000237487257 35
1739293103863 0.0005000000237487257 36
1739293119102 0.0005000000237487257 37
1739293134328 0.0005000000237487257 38
1739295871162 0.0005000000237487257 39
1739295891687 0.0005000000237487257 40
1739295907113 0.0005000000237487257 41
1739295922465 0.0005000000237487257 42
