1739292550734 3.4324135780334473 0
1739292566257 1.5890146493911743 1
1739292581920 1.354982852935791 2
1739292597837 1.2708160877227783 3
1739292613240 1.2134768962860107 4
1739292628509 1.178877353668213 5
1739292643843 1.1552636623382568 6
1739292659262 1.1325467824935913 7
1739292674729 1.109268307685852 8
1739292690274 1.0901198387145996 9
1739292705508 1.075860857963562 10
1739292720770 1.0648162364959717 11
1739292736080 1.0504180192947388 12
1739292751437 1.045180082321167 13
1739292766692 1.0422998666763306 14
1739292781858 1.0334417819976807 15
1739292797064 1.0280250310897827 16
1739292812440 1.0263586044311523 17
1739292827705 1.0209283828735352 18
1739292842918 1.0155466794967651 19
1739292858263 1.0165358781814575 20
1739292873971 1.0097181797027588 21
1739292889389 1.008520483970642 22
1739292904734 0.9548729062080383 23
1739292920159 0.9385285377502441 24
1739292935389 0.9346006512641907 25
1739292950697 0.9312981963157654 26
1739292965891 0.9271917343139648 27
1739292981151 0.9276509881019592 28
1739292996734 0.9248049259185791 29
1739293012026 0.9213241934776306 30
1739293027433 0.9238343238830566 31
1739293042754 0.9188527464866638 32
1739293058154 0.9164122343063354 33
1739293073393 0.9139569401741028 34
1739293088570 0.9106007218360901 35
1739293103863 0.9081414341926575 36
1739293119102 0.9062640070915222 37
1739293134328 0.9011607766151428 38
1739295871162 0.8992872834205627 39
1739295891687 0.8949592113494873 40
1739295907113 0.8950393795967102 41
1739295922465 0.8977445960044861 42
