1739292550734 1.2371755838394165 0
1739292566257 0.8283883929252625 1
1739292581920 0.759824812412262 2
1739292597837 0.7311230301856995 3
1739292613240 0.7118531465530396 4
1739292628509 0.6985004544258118 5
1739292643843 0.688904345035553 6
1739292659262 0.6805594563484192 7
1739292674729 0.6727893352508545 8
1739292690274 0.6656798720359802 9
1739292705508 0.6602713465690613 10
1739292720770 0.6553056240081787 11
1739292736080 0.6505179405212402 12
1739292751437 0.6471859812736511 13
1739292766692 0.6450182795524597 14
1739292781858 0.6426886916160583 15
1739292797064 0.6410327553749084 16
1739292812440 0.6397188305854797 17
1739292827705 0.6371375918388367 18
1739292842918 0.635453999042511 19
1739292858263 0.6356492042541504 20
1739292873971 0.6333436369895935 21
1739292889389 0.6321616172790527 22
1739292904734 0.6147921085357666 23
1739292920159 0.611911952495575 24
1739292935389 0.6103930473327637 25
1739292950697 0.6107122302055359 26
1739292965891 0.60997474193573 27
1739292981151 0.6102247834205627 28
1739292996734 0.6090635657310486 29
1739293012026 0.6090142726898193 30
1739293027433 0.6097528338432312 31
1739293042754 0.6085950136184692 32
1739293058154 0.6080071926116943 33
1739293073393 0.6088319420814514 34
1739293088570 0.6074439883232117 35
1739293103863 0.6075394153594971 36
1739293119102 0.6077482104301453 37
1739293134328 0.6061108708381653 38
1739295871162 0.6050561666488647 39
1739295891687 0.6046085357666016 40
1739295907113 0.6050335764884949 41
1739295922465 0.6052364110946655 42
