1747506271024 0.0010000000474974513 0
1747506271592 0.0010000000474974513 1
1747506272150 0.0010000000474974513 2
1747506272728 0.0010000000474974513 3
1747506273288 0.0010000000474974513 4
1747506273838 0.0010000000474974513 5
1747506274467 0.0010000000474974513 6
1747506275040 0.0010000000474974513 7
1747506275803 0.0010000000474974513 8
1747506276511 0.0010000000474974513 9
1747506277140 0.0010000000474974513 10
1747506277933 0.0010000000474974513 11
1747506278480 0.0010000000474974513 12
1747506279141 0.0010000000474974513 13
1747506279667 0.0010000000474974513 14
1747506280173 0.0010000000474974513 15
1747506280894 0.0010000000474974513 16
1747506281538 0.0010000000474974513 17
1747506282170 0.0010000000474974513 18
1747506282699 0.0010000000474974513 19
1747506283167 0.0010000000474974513 20
1747506283767 0.0010000000474974513 21
1747506284291 0.0010000000474974513 22
1747506284865 0.0010000000474974513 23
1747506285339 0.0010000000474974513 24
1747506285860 0.0010000000474974513 25
1747506286391 0.0010000000474974513 26
1747506286916 0.0010000000474974513 27
1747506287472 0.0010000000474974513 28
1747506288162 0.0010000000474974513 29
1747506288919 0.0010000000474974513 30
1747506289470 0.0010000000474974513 31
1747506290006 0.0010000000474974513 32
1747506290542 0.0010000000474974513 33
1747506291099 0.0010000000474974513 34
1747506291652 0.0010000000474974513 35
1747506292198 0.0010000000474974513 36
1747506292745 0.0010000000474974513 37
1747506293270 0.0010000000474974513 38
1747506293806 0.0010000000474974513 39
1747506294340 0.0010000000474974513 40
1747506295007 0.0010000000474974513 41
1747506295544 0.0010000000474974513 42
1747506296086 0.0010000000474974513 43
1747506296620 0.0010000000474974513 44
1747506297266 0.0010000000474974513 45
1747506297814 0.0010000000474974513 46
1747506298479 0.0010000000474974513 47
1747506298988 0.0010000000474974513 48
1747506299474 0.0010000000474974513 49
