1747506271024 175.1029815673828 0
1747506271592 127.1017074584961 1
1747506272150 56.50339889526367 2
1747506272728 18.06673240661621 3
1747506273288 11.049212455749512 4
1747506273838 10.307316780090332 5
1747506274467 9.70517635345459 6
1747506275040 9.249617576599121 7
1747506275803 9.104909896850586 8
1747506276511 8.973111152648926 9
1747506277140 8.71049690246582 10
1747506277933 8.447585105895996 11
1747506278480 8.280908584594727 12
1747506279141 8.12320327758789 13
1747506279667 8.006786346435547 14
1747506280173 7.611690521240234 15
1747506280894 7.739422798156738 16
1747506281538 7.362649440765381 17
1747506282170 7.39998197555542 18
1747506282699 7.25023889541626 19
1747506283167 7.166485786437988 20
1747506283767 6.911933422088623 21
1747506284291 6.8055596351623535 22
1747506284865 6.714725494384766 23
1747506285339 6.818863868713379 24
1747506285860 6.592746734619141 25
1747506286391 6.4496259689331055 26
1747506286916 6.386422634124756 27
1747506287472 6.384057998657227 28
1747506288162 6.27041482925415 29
1747506288919 6.242498874664307 30
1747506289470 6.232526779174805 31
1747506290006 6.09614896774292 32
1747506290542 5.924408912658691 33
1747506291099 5.8559136390686035 34
1747506291652 5.793782711029053 35
1747506292198 5.809681415557861 36
1747506292745 5.640775203704834 37
1747506293270 5.537608623504639 38
1747506293806 5.6230878829956055 39
1747506294340 5.485248565673828 40
1747506295007 5.348199844360352 41
1747506295544 5.238571643829346 42
1747506296086 5.183966636657715 43
1747506296620 5.1130242347717285 44
1747506297266 5.016965389251709 45
1747506297814 5.00811243057251 46
1747506298479 4.883951187133789 47
1747506298988 4.942955493927002 48
1747506299474 4.727269649505615 49
