1747506271024 9.568686485290527 0
1747506271592 7.964881896972656 1
1747506272150 4.984379291534424 2
1747506272728 2.448496103286743 3
1747506273288 1.8793212175369263 4
1747506273838 1.8086451292037964 5
1747506274467 1.7496082782745361 6
1747506275040 1.6856759786605835 7
1747506275803 1.67048180103302 8
1747506276511 1.6579139232635498 9
1747506277140 1.632216453552246 10
1747506277933 1.6043719053268433 11
1747506278480 1.5860565900802612 12
1747506279141 1.5757133960723877 13
1747506279667 1.554575800895691 14
1747506280173 1.5248559713363647 15
1747506280894 1.5370134115219116 16
1747506281538 1.499541163444519 17
1747506282170 1.500138282775879 18
1747506282699 1.486173152923584 19
1747506283167 1.4826371669769287 20
1747506283767 1.448122501373291 21
1747506284291 1.4449963569641113 22
1747506284865 1.431913137435913 23
1747506285339 1.4408905506134033 24
1747506285860 1.4197582006454468 25
1747506286391 1.3930048942565918 26
1747506286916 1.3899180889129639 27
1747506287472 1.3891410827636719 28
1747506288162 1.3798222541809082 29
1747506288919 1.376451015472412 30
1747506289470 1.3698196411132812 31
1747506290006 1.3564485311508179 32
1747506290542 1.3409314155578613 33
1747506291099 1.3346006870269775 34
1747506291652 1.3220654726028442 35
1747506292198 1.320986270904541 36
1747506292745 1.2998714447021484 37
1747506293270 1.28368079662323 38
1747506293806 1.2971261739730835 39
1747506294340 1.2731541395187378 40
1747506295007 1.2651362419128418 41
1747506295544 1.252516269683838 42
1747506296086 1.2410404682159424 43
1747506296620 1.2356916666030884 44
1747506297266 1.2187193632125854 45
1747506297814 1.2242133617401123 46
1747506298479 1.1976202726364136 47
1747506298988 1.207084059715271 48
1747506299474 1.1898863315582275 49
