1739275801796 0.0010000000474974513 0
1739275817519 0.0010000000474974513 1
1739275832639 0.0010000000474974513 2
1739275847692 0.0010000000474974513 3
1739275862546 0.0010000000474974513 4
1739275877536 0.0010000000474974513 5
1739275892940 0.0010000000474974513 6
1739275907943 0.0010000000474974513 7
1739275922955 0.0010000000474974513 8
1739275938016 0.0010000000474974513 9
1739275955875 0.0010000000474974513 10
1739275982617 0.0010000000474974513 11
1739276006734 0.0010000000474974513 12
1739276030716 0.0010000000474974513 13
1739276047990 0.0010000000474974513 14
1739276067453 0.0010000000474974513 15
1739276083693 0.0010000000474974513 16
1739276099099 0.0010000000474974513 17
1739276116162 0.0010000000474974513 18
1739276133891 0.0010000000474974513 19
1739276151729 0.0010000000474974513 20
1739276168092 0.0010000000474974513 21
1739276183974 0.0010000000474974513 22
1739276201011 0.0010000000474974513 23
1739276216508 0.0010000000474974513 24
1739276233310 0.0010000000474974513 25
1739276249178 0.0010000000474974513 26
1739276265976 0.0005000000237487257 27
1739276283666 0.0005000000237487257 28
1739276301346 0.0005000000237487257 29
1739276319082 0.0005000000237487257 30
1739276338837 0.0005000000237487257 31
1739276357869 0.0005000000237487257 32
1739276377552 0.0005000000237487257 33
1739276396268 0.0005000000237487257 34
1739276414958 0.0005000000237487257 35
1739276433861 0.0005000000237487257 36
1739276448620 0.0005000000237487257 37
1739276466136 0.0005000000237487257 38
1739276487771 0.0005000000237487257 39
1739276512163 0.0005000000237487257 40
1739276534491 0.0005000000237487257 41
1739276554899 0.0005000000237487257 42
1739276570058 0.0005000000237487257 43
1739276588653 0.0005000000237487257 44
1739276607468 0.0005000000237487257 45
1739276625790 0.0005000000237487257 46
1739276644810 0.0005000000237487257 47
1739276668159 0.0005000000237487257 48
1739276692279 0.0005000000237487257 49
