1739275801796 3.3983709812164307 0
1739275817519 1.5936743021011353 1
1739275832639 1.3777594566345215 2
1739275847692 1.2773231267929077 3
1739275862546 1.2248096466064453 4
1739275877536 1.1865683794021606 5
1739275892940 1.1564260721206665 6
1739275907943 1.132736325263977 7
1739275922955 1.1129125356674194 8
1739275938016 1.0959465503692627 9
1739275955875 1.0800902843475342 10
1739275982617 1.0696046352386475 11
1739276006734 1.0566896200180054 12
1739276030716 1.0442531108856201 13
1739276047990 1.039854884147644 14
1739276067453 1.039406180381775 15
1739276083693 1.0303595066070557 16
1739276099099 1.0238747596740723 17
1739276116162 1.0183138847351074 18
1739276133891 1.015673279762268 19
1739276151729 1.0113298892974854 20
1739276168092 1.012844443321228 21
1739276183974 1.0042906999588013 22
1739276201011 1.0069756507873535 23
1739276216508 1.0030149221420288 24
1739276233310 0.9996411204338074 25
1739276249178 0.9948313236236572 26
1739276265976 0.9461142420768738 27
1739276283666 0.9312632083892822 28
1739276301346 0.9281212091445923 29
1739276319082 0.9232272505760193 30
1739276338837 0.9193522334098816 31
1739276357869 0.9162895679473877 32
1739276377552 0.9160690307617188 33
1739276396268 0.9154335260391235 34
1739276414958 0.9103617668151855 35
1739276433861 0.9106439352035522 36
1739276448620 0.9101926684379578 37
1739276466136 0.9054940938949585 38
1739276487771 0.9085076451301575 39
1739276512163 0.9096618890762329 40
1739276534491 0.9055179953575134 41
1739276554899 0.9045521020889282 42
1739276570058 0.9036818742752075 43
1739276588653 0.9005151391029358 44
1739276607468 0.8959978222846985 45
1739276625790 0.8969162702560425 46
1739276644810 0.8946291208267212 47
1739276668159 0.8914002180099487 48
1739276692279 0.8880789279937744 49
