1739275801796 1.2304943799972534 0
1739275817519 0.8276455402374268 1
1739275832639 0.7638572454452515 2
1739275847692 0.7324858903884888 3
1739275862546 0.7143446207046509 4
1739275877536 0.6995975971221924 5
1739275892940 0.6890488266944885 6
1739275907943 0.6802955269813538 7
1739275922955 0.6728671193122864 8
1739275938016 0.6659265160560608 9
1739275955875 0.660571813583374 10
1739275982617 0.6552498936653137 11
1739276006734 0.6513935327529907 12
1739276030716 0.6467186212539673 13
1739276047990 0.6439033150672913 14
1739276067453 0.6429131031036377 15
1739276083693 0.6397007703781128 16
1739276099099 0.6376469135284424 17
1739276116162 0.6351630091667175 18
1739276133891 0.6347804069519043 19
1739276151729 0.6328919529914856 20
1739276168092 0.6335275173187256 21
1739276183974 0.6318011283874512 22
1739276201011 0.6314520239830017 23
1739276216508 0.6310674548149109 24
1739276233310 0.6290618181228638 25
1739276249178 0.628574550151825 26
1739276265976 0.6107990145683289 27
1739276283666 0.6073761582374573 28
1739276301346 0.607490599155426 29
1739276319082 0.6068524122238159 30
1739276338837 0.6070329546928406 31
1739276357869 0.6065313816070557 32
1739276377552 0.6069594621658325 33
1739276396268 0.6062638759613037 34
1739276414958 0.6058828234672546 35
1739276433861 0.6058753132820129 36
1739276448620 0.6062398552894592 37
1739276466136 0.6047297120094299 38
1739276487771 0.6054295301437378 39
1739276512163 0.6057708859443665 40
1739276534491 0.6049823760986328 41
1739276554899 0.6051977276802063 42
1739276570058 0.6049913167953491 43
1739276588653 0.6049256920814514 44
1739276607468 0.6025863885879517 45
1739276625790 0.6040195822715759 46
1739276644810 0.6034945249557495 47
1739276668159 0.6032494902610779 48
1739276692279 0.6032389998435974 49
