1747510183029 0.0010000000474974513 0
1747510183498 0.0010000000474974513 1
1747510183955 0.0010000000474974513 2
1747510184405 0.0010000000474974513 3
1747510184853 0.0010000000474974513 4
1747510185293 0.0010000000474974513 5
1747510185740 0.0010000000474974513 6
1747510186184 0.0010000000474974513 7
1747510186644 0.0010000000474974513 8
1747510187102 0.0010000000474974513 9
1747510187544 0.0010000000474974513 10
1747510187978 0.0010000000474974513 11
1747510188399 0.0010000000474974513 12
1747510188820 0.0010000000474974513 13
1747510189240 0.0010000000474974513 14
1747510189681 0.0010000000474974513 15
1747510190125 0.0010000000474974513 16
1747510190544 0.0010000000474974513 17
1747510190961 0.0010000000474974513 18
1747510191401 0.0010000000474974513 19
1747510191840 0.0010000000474974513 20
1747510192282 0.0010000000474974513 21
1747510192737 0.0010000000474974513 22
1747510193185 0.0010000000474974513 23
1747510193627 0.0010000000474974513 24
1747510194069 0.0010000000474974513 25
1747510194516 0.0010000000474974513 26
1747510194963 0.0010000000474974513 27
1747510195406 0.0010000000474974513 28
1747510195848 0.0010000000474974513 29
1747510196351 0.0010000000474974513 30
1747510196790 0.0010000000474974513 31
1747510197206 0.0010000000474974513 32
1747510197635 0.0010000000474974513 33
1747510198052 0.0010000000474974513 34
1747510198473 0.0010000000474974513 35
1747510198865 0.0010000000474974513 36
1747510199290 0.0010000000474974513 37
1747510199735 0.0010000000474974513 38
1747510200182 0.0010000000474974513 39
1747510200631 0.0010000000474974513 40
1747510201058 0.0010000000474974513 41
1747510201475 0.0010000000474974513 42
1747510201916 0.0010000000474974513 43
1747510202343 0.0010000000474974513 44
1747510202774 0.0010000000474974513 45
1747510203230 0.0010000000474974513 46
1747510203630 0.0010000000474974513 47
1747510204048 0.0010000000474974513 48
1747510204534 0.0010000000474974513 49
