1747510183029 138.3307647705078 0
1747510183498 80.00939178466797 1
1747510183955 23.384584426879883 2
1747510184405 11.684765815734863 3
1747510184853 10.406704902648926 4
1747510185293 10.06751537322998 5
1747510185740 9.567254066467285 6
1747510186184 9.361745834350586 7
1747510186644 8.946426391601562 8
1747510187102 8.714116096496582 9
1747510187544 8.453192710876465 10
1747510187978 8.342964172363281 11
1747510188399 8.053586959838867 12
1747510188820 7.88521146774292 13
1747510189240 7.747186183929443 14
1747510189681 7.489854335784912 15
1747510190125 7.3836140632629395 16
1747510190544 7.222653865814209 17
1747510190961 7.086846828460693 18
1747510191401 6.969804763793945 19
1747510191840 6.791010856628418 20
1747510192282 6.786446571350098 21
1747510192737 6.76298189163208 22
1747510193185 6.66018533706665 23
1747510193627 6.414976596832275 24
1747510194069 6.3118743896484375 25
1747510194516 6.243899345397949 26
1747510194963 6.235118865966797 27
1747510195406 5.982410907745361 28
1747510195848 5.9679274559021 29
1747510196351 5.80457067489624 30
1747510196790 5.832615375518799 31
1747510197206 5.6994452476501465 32
1747510197635 5.6839752197265625 33
1747510198052 5.4749836921691895 34
1747510198473 5.554916858673096 35
1747510198865 5.485012531280518 36
1747510199290 5.374049186706543 37
1747510199735 5.374874114990234 38
1747510200182 5.233650207519531 39
1747510200631 5.241399765014648 40
1747510201058 5.1211018562316895 41
1747510201475 5.012843608856201 42
1747510201916 4.9599409103393555 43
1747510202343 4.941959857940674 44
1747510202774 4.984597206115723 45
1747510203230 4.892093181610107 46
1747510203630 4.800939083099365 47
1747510204048 4.747064113616943 48
1747510204534 4.732843399047852 49
