1747510183029 8.41303539276123 0
1747510183498 6.155208110809326 1
1747510183955 2.916255474090576 2
1747510184405 2.011847496032715 3
1747510184853 1.9037736654281616 4
1747510185293 1.857944130897522 5
1747510185740 1.8083171844482422 6
1747510186184 1.7835896015167236 7
1747510186644 1.7476813793182373 8
1747510187102 1.718737244606018 9
1747510187544 1.6943893432617188 10
1747510187978 1.6756176948547363 11
1747510188399 1.6485329866409302 12
1747510188820 1.6246006488800049 13
1747510189240 1.6148779392242432 14
1747510189681 1.5868959426879883 15
1747510190125 1.5753871202468872 16
1747510190544 1.5601210594177246 17
1747510190961 1.541411280632019 18
1747510191401 1.5353939533233643 19
1747510191840 1.5134700536727905 20
1747510192282 1.507729172706604 21
1747510192737 1.5085513591766357 22
1747510193185 1.496339201927185 23
1747510193627 1.46836519241333 24
1747510194069 1.4569745063781738 25
1747510194516 1.444568157196045 26
1747510194963 1.4433379173278809 27
1747510195406 1.4179189205169678 28
1747510195848 1.4138597249984741 29
1747510196351 1.396643042564392 30
1747510196790 1.3984782695770264 31
1747510197206 1.3842015266418457 32
1747510197635 1.3803108930587769 33
1747510198052 1.353361964225769 34
1747510198473 1.3633451461791992 35
1747510198865 1.3596067428588867 36
1747510199290 1.344407081604004 37
1747510199735 1.3375589847564697 38
1747510200182 1.3213180303573608 39
1747510200631 1.3262115716934204 40
1747510201058 1.3114827871322632 41
1747510201475 1.3001660108566284 42
1747510201916 1.2868435382843018 43
1747510202343 1.2869915962219238 44
1747510202774 1.2868553400039673 45
1747510203230 1.2738726139068604 46
1747510203630 1.2677488327026367 47
1747510204048 1.2659916877746582 48
1747510204534 1.2551432847976685 49
