1739459929212 0.0010000000474974513 0
1739459947326 0.0010000000474974513 1
1739459966261 0.0010000000474974513 2
1739459982610 0.0010000000474974513 3
1739460001698 0.0010000000474974513 4
1739460019550 0.0010000000474974513 5
1739460038512 0.0010000000474974513 6
1739460057019 0.0010000000474974513 7
1739460074736 0.0010000000474974513 8
1739460095721 0.0010000000474974513 9
1739460116631 0.0010000000474974513 10
1739460137441 0.0010000000474974513 11
1739460155802 0.0010000000474974513 12
1739460173624 0.0005000000237487257 13
1739460191938 0.0005000000237487257 14
1739460211688 0.0005000000237487257 15
1739460230339 0.0005000000237487257 16
1739460251536 0.0005000000237487257 17
1739460269439 0.0005000000237487257 18
1739460287790 0.0005000000237487257 19
1739460304725 0.0005000000237487257 20
1739460321843 0.0005000000237487257 21
1739460337127 0.0005000000237487257 22
1739460355295 0.0005000000237487257 23
1739460373659 0.0005000000237487257 24
1739460393461 0.0005000000237487257 25
1739460412298 0.0005000000237487257 26
1739460431818 0.0005000000237487257 27
1739460451172 0.0005000000237487257 28
1739460470150 0.0005000000237487257 29
1739460490906 0.0002500000118743628 30
1739460507884 0.0002500000118743628 31
1739460524099 0.0002500000118743628 32
1739460540619 0.0002500000118743628 33
1739460555546 0.0002500000118743628 34
1739460572538 0.0002500000118743628 35
1739460591692 0.0002500000118743628 36
1739460610015 0.0002500000118743628 37
1739460628927 0.0002500000118743628 38
1739460648336 0.0002500000118743628 39
1739460668063 0.0002500000118743628 40
1739460686330 0.0002500000118743628 41
1739460708137 0.0002500000118743628 42
1739460727885 0.0002500000118743628 43
1739460744860 0.0002500000118743628 44
1739460762234 0.0002500000118743628 45
1739460781504 0.0002500000118743628 46
1739460803471 0.0002500000118743628 47
1739460821891 0.0002500000118743628 48
1739460838595 0.0001250000059371814 49
