1739459929212 3.4695541858673096 0
1739459947326 1.5764771699905396 1
1739459966261 1.3614575862884521 2
1739459982610 1.2708829641342163 3
1739460001698 1.2187824249267578 4
1739460019550 1.1791744232177734 5
1739460038512 1.1521986722946167 6
1739460057019 1.1301584243774414 7
1739460074736 1.1045904159545898 8
1739460095721 1.0917357206344604 9
1739460116631 1.0786528587341309 10
1739460137441 1.0652036666870117 11
1739460155802 1.0538887977600098 12
1739460173624 0.9900879859924316 13
1739460191938 0.9737190008163452 14
1739460211688 0.9630215764045715 15
1739460230339 0.9570697546005249 16
1739460251536 0.9526448845863342 17
1739460269439 0.9512442946434021 18
1739460287790 0.9464665651321411 19
1739460304725 0.9408271908760071 20
1739460321843 0.9388605356216431 21
1739460337127 0.9342047572135925 22
1739460355295 0.9337875843048096 23
1739460373659 0.9315252304077148 24
1739460393461 0.9252226948738098 25
1739460412298 0.9276588559150696 26
1739460431818 0.9234402775764465 27
1739460451172 0.9193094372749329 28
1739460470150 0.9204479455947876 29
1739460490906 0.8884639739990234 30
1739460507884 0.8828056454658508 31
1739460524099 0.8781738877296448 32
1739460540619 0.8744400143623352 33
1739460555546 0.8741976618766785 34
1739460572538 0.8707401752471924 35
1739460591692 0.8683468103408813 36
1739460610015 0.8660273551940918 37
1739460628927 0.8685640692710876 38
1739460648336 0.863857090473175 39
1739460668063 0.8606227040290833 40
1739460686330 0.8598145842552185 41
1739460708137 0.8588284254074097 42
1739460727885 0.8572144508361816 43
1739460744860 0.8556658625602722 44
1739460762234 0.8528217673301697 45
1739460781504 0.8476048111915588 46
1739460803471 0.848272979259491 47
1739460821891 0.8424264788627625 48
1739460838595 0.8275779485702515 49
