1739459929212 1.2484506368637085 0
1739459947326 0.8255766034126282 1
1739459966261 0.7615803480148315 2
1739459982610 0.7321329116821289 3
1739460001698 0.7134401202201843 4
1739460019550 0.6997948884963989 5
1739460038512 0.6895332336425781 6
1739460057019 0.680790901184082 7
1739460074736 0.6713182330131531 8
1739460095721 0.666395366191864 9
1739460116631 0.6602625846862793 10
1739460137441 0.656392514705658 11
1739460155802 0.6507397890090942 12
1739460173624 0.629260778427124 13
1739460191938 0.6258110404014587 14
1739460211688 0.6223996877670288 15
1739460230339 0.6211785674095154 16
1739460251536 0.6195277571678162 17
1739460269439 0.6196519136428833 18
1739460287790 0.618165135383606 19
1739460304725 0.6170717477798462 20
1739460321843 0.615843653678894 21
1739460337127 0.6147665977478027 22
1739460355295 0.6141359210014343 23
1739460373659 0.6138817071914673 24
1739460393461 0.6125950813293457 25
1739460412298 0.6133671402931213 26
1739460431818 0.6117239594459534 27
1739460451172 0.6106935739517212 28
1739460470150 0.6109899282455444 29
1739460490906 0.5994635224342346 30
1739460507884 0.5992202162742615 31
1739460524099 0.5976848602294922 32
1739460540619 0.5967340469360352 33
1739460555546 0.597038984298706 34
1739460572538 0.5956662893295288 35
1739460591692 0.5967463850975037 36
1739460610015 0.5950515270233154 37
1739460628927 0.5964126586914062 38
1739460648336 0.5955747365951538 39
