1747508207252 0.0010000000474974513 0
1747508208122 0.0010000000474974513 1
1747508208745 0.0010000000474974513 2
1747508209375 0.0010000000474974513 3
1747508209999 0.0010000000474974513 4
1747508210608 0.0010000000474974513 5
1747508211193 0.0010000000474974513 6
1747508211965 0.0010000000474974513 7
1747508212552 0.0010000000474974513 8
1747508213149 0.0010000000474974513 9
1747508213727 0.0010000000474974513 10
1747508214675 0.0010000000474974513 11
1747508215270 0.0010000000474974513 12
1747508215897 0.0010000000474974513 13
1747508216504 0.0010000000474974513 14
1747508217133 0.0010000000474974513 15
1747508217775 0.0010000000474974513 16
1747508218441 0.0010000000474974513 17
1747508219046 0.0010000000474974513 18
1747508220131 0.0010000000474974513 19
1747508220710 0.0010000000474974513 20
1747508221455 0.0010000000474974513 21
1747508222080 0.0010000000474974513 22
1747508222722 0.0010000000474974513 23
1747508223361 0.0010000000474974513 24
1747508223951 0.0010000000474974513 25
1747508224551 0.0010000000474974513 26
1747508225156 0.0010000000474974513 27
1747508225704 0.0010000000474974513 28
1747508226417 0.0010000000474974513 29
1747508227026 0.0010000000474974513 30
1747508227627 0.0010000000474974513 31
1747508228319 0.0010000000474974513 32
1747508228944 0.0010000000474974513 33
1747508229564 0.0010000000474974513 34
1747508230398 0.0010000000474974513 35
1747508231022 0.0010000000474974513 36
1747508231640 0.0010000000474974513 37
1747508232607 0.0010000000474974513 38
1747508233257 0.0010000000474974513 39
1747508233886 0.0010000000474974513 40
1747508234527 0.0010000000474974513 41
1747508235184 0.0010000000474974513 42
1747508235784 0.0010000000474974513 43
1747508236386 0.0010000000474974513 44
1747508237145 0.0010000000474974513 45
1747508237762 0.0010000000474974513 46
1747508238351 0.0010000000474974513 47
1747508238920 0.0010000000474974513 48
1747508239544 0.0010000000474974513 49
