1747508207252 136.534912109375 0
1747508208122 77.62605285644531 1
1747508208745 23.639381408691406 2
1747508209375 11.887275695800781 3
1747508209999 10.797709465026855 4
1747508210608 10.2468900680542 5
1747508211193 9.830199241638184 6
1747508211965 9.419702529907227 7
1747508212552 9.231438636779785 8
1747508213149 8.9013671875 9
1747508213727 8.66512393951416 10
1747508214675 8.298895835876465 11
1747508215270 8.183947563171387 12
1747508215897 8.09011459350586 13
1747508216504 7.910336017608643 14
1747508217133 7.780479431152344 15
1747508217775 7.674994468688965 16
1747508218441 7.420877456665039 17
1747508219046 7.330515384674072 18
1747508220131 7.194302558898926 19
1747508220710 7.030627250671387 20
1747508221455 6.992142677307129 21
1747508222080 6.906744956970215 22
1747508222722 6.800726413726807 23
1747508223361 6.672318458557129 24
1747508223951 6.487862586975098 25
1747508224551 6.43162727355957 26
1747508225156 6.400254726409912 27
1747508225704 6.264700889587402 28
1747508226417 6.154561519622803 29
1747508227026 6.097328186035156 30
1747508227627 5.99816370010376 31
1747508228319 5.884834289550781 32
1747508228944 5.752943515777588 33
1747508229564 5.721812725067139 34
1747508230398 5.694326877593994 35
1747508231022 5.540666103363037 36
1747508231640 5.418537139892578 37
1747508232607 5.390537738800049 38
1747508233257 5.3006272315979 39
1747508233886 5.272559642791748 40
1747508234527 5.270606517791748 41
1747508235184 5.117124557495117 42
1747508235784 5.041903018951416 43
1747508236386 5.145747184753418 44
1747508237145 5.037381649017334 45
1747508237762 5.038120746612549 46
1747508238351 4.89335823059082 47
1747508238920 4.743579864501953 48
1747508239544 4.846925735473633 49
