1747508207252 8.377761840820312 0
1747508208122 6.0587239265441895 1
1747508208745 2.9394404888153076 2
1747508209375 2.0349843502044678 3
1747508209999 1.9423035383224487 4
1747508210608 1.8717821836471558 5
1747508211193 1.8211026191711426 6
1747508211965 1.791081428527832 7
1747508212552 1.7599042654037476 8
1747508213149 1.7304027080535889 9
1747508213727 1.7148205041885376 10
1747508214675 1.6723170280456543 11
1747508215270 1.652517557144165 12
1747508215897 1.641440987586975 13
1747508216504 1.6322453022003174 14
1747508217133 1.6195878982543945 15
1747508217775 1.6053403615951538 16
1747508218441 1.5745056867599487 17
1747508219046 1.5694762468338013 18
1747508220131 1.550085186958313 19
1747508220710 1.5357911586761475 20
1747508221455 1.5328307151794434 21
1747508222080 1.520115613937378 22
1747508222722 1.5087782144546509 23
1747508223361 1.490295171737671 24
1747508223951 1.4741935729980469 25
1747508224551 1.4670814275741577 26
1747508225156 1.457702398300171 27
1747508225704 1.4435383081436157 28
1747508226417 1.4332244396209717 29
1747508227026 1.4294592142105103 30
1747508227627 1.4140385389328003 31
1747508228319 1.3988230228424072 32
1747508228944 1.3852916955947876 33
1747508229564 1.3843779563903809 34
1747508230398 1.3775323629379272 35
1747508231022 1.3645215034484863 36
1747508231640 1.3447210788726807 37
1747508232607 1.3421413898468018 38
1747508233257 1.3288065195083618 39
1747508233886 1.3263353109359741 40
1747508234527 1.322385311126709 41
1747508235184 1.3064424991607666 42
1747508235784 1.295366883277893 43
1747508236386 1.3097310066223145 44
1747508237145 1.2938299179077148 45
1747508237762 1.2971341609954834 46
1747508238351 1.2742522954940796 47
1747508238920 1.2610986232757568 48
1747508239544 1.273449420928955 49
