1739984667468 0.0010000000474974513 0
1739984683129 0.0010000000474974513 1
1739984700110 0.0010000000474974513 2
1739984712014 0.0010000000474974513 3
1739984722924 0.0010000000474974513 4
1739984737527 0.0010000000474974513 5
1739984750694 0.0010000000474974513 6
1739984762853 0.0010000000474974513 7
1739984781208 0.0010000000474974513 8
1739984793495 0.0010000000474974513 9
1739984809242 0.0010000000474974513 10
1739984821048 0.0010000000474974513 11
1739984832736 0.0010000000474974513 12
1739984848465 0.0010000000474974513 13
1739984867639 0.0010000000474974513 14
1739984891942 0.0010000000474974513 15
1739984914974 0.0010000000474974513 16
1739984939885 0.0010000000474974513 17
1739984963117 0.0010000000474974513 18
1739984985580 0.0010000000474974513 19
1739985004915 0.0010000000474974513 20
1739985023770 0.0010000000474974513 21
1739985037566 0.0010000000474974513 22
1739985052022 0.0010000000474974513 23
1739985066207 0.0010000000474974513 24
1739985079992 0.0010000000474974513 25
1739985094427 0.0010000000474974513 26
1739985108201 0.0010000000474974513 27
1739985122056 0.0010000000474974513 28
1739985135947 0.0010000000474974513 29
1739985149955 0.0010000000474974513 30
1739985163680 0.0010000000474974513 31
1739985177522 0.0010000000474974513 32
1739985191153 0.0010000000474974513 33
1739985204717 0.0010000000474974513 34
1739985218364 0.0010000000474974513 35
1739985238411 0.0010000000474974513 36
1739985256246 0.0010000000474974513 37
1739985278759 0.0010000000474974513 38
1739985298221 0.0010000000474974513 39
1739985319570 0.0010000000474974513 40
1739985340510 0.0010000000474974513 41
1739985360683 0.0010000000474974513 42
1739985380496 0.0010000000474974513 43
1739985398730 0.0010000000474974513 44
1739985418209 0.0010000000474974513 45
1739985442792 0.0005000000237487257 46
1739985465576 0.0005000000237487257 47
1739985489232 0.0005000000237487257 48
1739985511355 0.0005000000237487257 49
