1739984667468 3.4346182346343994 0
1739984683129 1.5993502140045166 1
1739984700110 1.3818655014038086 2
1739984712014 1.2851262092590332 3
1739984722924 1.2266604900360107 4
1739984737527 1.1849544048309326 5
1739984750694 1.153387427330017 6
1739984762853 1.1298083066940308 7
1739984781208 1.1068273782730103 8
1739984793495 1.0953580141067505 9
1739984809242 1.079656720161438 10
1739984821048 1.066404938697815 11
1739984832736 1.0580029487609863 12
1739984848465 1.0510733127593994 13
1739984867639 1.0375678539276123 14
1739984891942 1.0378153324127197 15
1739984914974 1.0277670621871948 16
1739984939885 1.0175639390945435 17
1739984963117 1.0200448036193848 18
1739984985580 1.0152161121368408 19
1739985004915 1.0109301805496216 20
1739985023770 1.0064444541931152 21
1739985037566 1.0049971342086792 22
1739985052022 1.0015854835510254 23
1739985066207 0.9986585378646851 24
1739985079992 0.9982901215553284 25
1739985094427 0.9970715641975403 26
1739985108201 0.9951704740524292 27
1739985122056 0.9894502758979797 28
1739985135947 0.9899466633796692 29
1739985149955 0.9882111549377441 30
1739985163680 0.98968106508255 31
1739985177522 0.9856611490249634 32
1739985191153 0.9852523803710938 33
1739985204717 0.9831483364105225 34
1739985218364 0.9882916212081909 35
1739985238411 0.9803673624992371 36
1739985256246 0.9856979846954346 37
1739985278759 0.981988251209259 38
1739985298221 0.9830893874168396 39
1739985319570 0.9797820448875427 40
1739985340510 0.9754412174224854 41
1739985360683 0.9749241471290588 42
1739985380496 0.9674103856086731 43
1739985398730 0.968327522277832 44
1739985418209 0.9656313061714172 45
1739985442792 0.9137399196624756 46
1739985465576 0.9016711115837097 47
1739985489232 0.8948437571525574 48
1739985511355 0.8927159309387207 49
