1739984667468 1.23635995388031 0
1739984683129 0.8310027122497559 1
1739984700110 0.7697014212608337 2
1739984712014 0.7387152910232544 3
1739984722924 0.7166296243667603 4
1739984737527 0.7018457651138306 5
1739984750694 0.6897584795951843 6
1739984762853 0.6805865168571472 7
1739984781208 0.6712492108345032 8
1739984793495 0.6663618087768555 9
1739984809242 0.6599029302597046 10
1739984821048 0.6556037068367004 11
1739984832736 0.6515963673591614 12
1739984848465 0.648259699344635 13
1739984867639 0.6440908908843994 14
1739984891942 0.6430392861366272 15
1739984914974 0.6397914290428162 16
1739984939885 0.6363053321838379 17
1739984963117 0.636073648929596 18
1739984985580 0.6345807313919067 19
1739985004915 0.6334637403488159 20
1739985023770 0.6310986280441284 21
1739985037566 0.6306567192077637 22
1739985052022 0.6302586793899536 23
1739985066207 0.629339337348938 24
1739985079992 0.6290693879127502 25
1739985094427 0.6287281513214111 26
1739985108201 0.627938985824585 27
1739985122056 0.6261304020881653 28
1739985135947 0.6260766983032227 29
1739985149955 0.6256935000419617 30
1739985163680 0.6261556148529053 31
1739985177522 0.6251078248023987 32
1739985191153 0.6246917247772217 33
1739985204717 0.6241801381111145 34
1739985218364 0.6254582405090332 35
1739985238411 0.622267484664917 36
1739985256246 0.625216007232666 37
1739985278759 0.6235281825065613 38
1739985298221 0.6241624355316162 39
1739985319570 0.6225148439407349 40
1739985340510 0.6227109432220459 41
1739985360683 0.6220128536224365 42
1739985380496 0.6205714344978333 43
1739985398730 0.6224145293235779 44
1739985418209 0.6206566095352173 45
1739985442792 0.6029269695281982 46
1739985465576 0.6008192300796509 47
1739985489232 0.5996211767196655 48
1739985511355 0.6004744172096252 49
