1739490855453 4.107273101806641 0
1739490876643 2.5440142154693604 1
1739490897928 2.004251003265381 2
1739490915859 1.7834266424179077 3
1739490934800 1.6680186986923218 4
1739490949980 1.604771375656128 5
1739490966718 1.570536732673645 6
1739490982861 1.5430958271026611 7
1739490998222 1.5196977853775024 8
1739491013201 1.5017213821411133 9
1739491027815 1.4887832403182983 10
1739491042623 1.4758667945861816 11
1739491057490 1.4715745449066162 12
1739491072217 1.465878963470459 13
1739491087023 1.4583046436309814 14
1739491103062 1.4489574432373047 15
1739491114910 1.451764464378357 16
1739491126970 1.4445343017578125 17
1739491139363 1.437569260597229 18
1739491151430 1.437113881111145 19
1739491163272 1.432370662689209 20
1739491175183 1.4347589015960693 21
1739491187124 1.4316341876983643 22
1739491199092 1.4339261054992676 23
1739491211126 1.4281463623046875 24
1739491224338 1.4286893606185913 25
1739491237260 1.4257837533950806 26
1739491249195 1.4263837337493896 27
1739491261121 1.425200343132019 28
1739491273186 1.425746202468872 29
1739491285116 1.428531527519226 30
1739491297040 1.4226328134536743 31
1739491308953 1.4207948446273804 32
1739491320864 1.4239861965179443 33
1739491332706 1.4211242198944092 34
1739491344798 1.422502040863037 35
1739491358567 1.417615294456482 36
1739491370409 1.4168331623077393 37
1739491382433 1.4200044870376587 38
1739491394368 1.417310357093811 39
1739491406289 1.422537922859192 40
1739491417989 1.420134425163269 41
1739491429943 1.422260046005249 42
1739491441863 1.4230632781982422 43
1739491453729 1.4244928359985352 44
1739491466921 1.419819712638855 45
1739491478304 1.420112133026123 46
1739491489754 1.4203811883926392 47
1739491501247 1.4168981313705444 48
1739491512734 1.4244787693023682 49
1739491534458 4.817162036895752 0
1739491546349 2.8824663162231445 1
1739491558165 2.530103921890259 2
1739491569913 2.315223455429077 3
1739491581468 2.1612110137939453 4
1739491593411 2.0487186908721924 5
1739491605198 1.952838659286499 6
1739491616900 1.8710628747940063 7
1739491628450 1.799521803855896 8
1739491640095 1.7375445365905762 9
1739491651923 1.6916574239730835 10
1739491663662 1.6430634260177612 11
1739491675374 1.60617196559906 12
1739491686916 1.5696810483932495 13
1739491698562 1.53549325466156 14
1739491710234 1.5120116472244263 15
1739491722004 1.4918352365493774 16
1739491733578 1.4735709428787231 17
1739491745200 1.4557002782821655 18
1739491756844 1.4364216327667236 19
1739491768857 1.4216817617416382 20
1739491780557 1.4135692119598389 21
1739491792094 1.4051053524017334 22
1739491803805 1.3897955417633057 23
1739491815537 1.3810871839523315 24
1739491827121 1.3694390058517456 25
1739491838787 1.3625832796096802 26
1739491850404 1.356646180152893 27
1739491862095 1.3509730100631714 28
1739491873709 1.3504408597946167 29
1739491885352 1.344353199005127 30
1739491897023 1.3391586542129517 31
1739491908754 1.339192509651184 32
1739491920557 1.3332891464233398 33
1739491932256 1.3249057531356812 34
1739491943859 1.323794960975647 35
1739491955534 1.3203271627426147 36
1739491968726 1.3162600994110107 37
1739491980556 1.3119864463806152 38
1739491994819 1.3143737316131592 39
1739492009789 1.3094316720962524 40
1739492023930 1.3033164739608765 41
1739492038574 1.3006575107574463 42
1739492051237 1.301226258277893 43
1739492066236 1.2988901138305664 44
1739492081485 1.2966842651367188 45
1739492096889 1.291142225265503 46
1739492112643 1.2878267765045166 47
1739492126213 1.2882083654403687 48
1739492142559 1.2839540243148804 49
1739492181334 4.390187740325928 0
1739492198869 1.816055417060852 1
1739492219896 1.491159439086914 2
1739492239818 1.3395742177963257 3
1739492258344 1.2634358406066895 4
1739492275777 1.2079516649246216 5
1739492295794 1.173484444618225 6
1739492309037 1.139154314994812 7
1739492326404 1.1154247522354126 8
1739492343280 1.0981708765029907 9
1739492355600 1.0805304050445557 10
1739492373781 1.0646966695785522 11
1739492388599 1.0515328645706177 12
1739492402648 1.0372084379196167 13
1739492415162 1.0228813886642456 14
1739492430351 1.0202155113220215 15
1739492444558 1.0095412731170654 16
1739492459273 1.0048449039459229 17
1739492476671 0.9967181086540222 18
1739492490019 0.9861354827880859 19
1739492507400 0.9807134866714478 20
1739492521572 0.9769619703292847 21
1739492534190 0.9779912829399109 22
1739492546606 0.9666916728019714 23
1739492562386 0.9670612215995789 24
1739492575315 0.9580248594284058 25
1739492594887 0.9579373002052307 26
1739492611700 0.9490880370140076 27
1739492623920 0.953355073928833 28
1739492644014 0.945773184299469 29
1739492659366 0.9466098546981812 30
1739492675225 0.9423952698707581 31
1739492690727 0.9364027976989746 32
1739492706325 0.9355204105377197 33
1739492721429 0.9368771910667419 34
1739492735003 0.9332525134086609 35
1739492748175 0.9302542805671692 36
1739492762544 0.9360274076461792 37
1739492778751 0.9305546283721924 38
1739492794310 0.9273075461387634 39
1739492807547 0.9307156205177307 40
1739492821972 0.9275177121162415 41
1739492836379 0.924083411693573 42
1739492850953 0.9245800971984863 43
1739492864464 0.9206764698028564 44
1739492877291 0.923630952835083 45
1739492890778 0.9216756820678711 46
1739492903251 0.9105360507965088 47
1739492915796 0.9187253713607788 48
1739492927132 0.9168764352798462 49
1739492954612 3.7014055252075195 0
1739492971317 1.6630808115005493 1
1739492987374 1.4017338752746582 2
1739493002152 1.295818567276001 3
1739493014858 1.2320326566696167 4
1739493027819 1.1920993328094482 5
1739493041361 1.1621358394622803 6
1739493059021 1.1334648132324219 7
1739493074591 1.1079894304275513 8
1739493087155 1.098135232925415 9
1739493099407 1.075219988822937 10
1739493110359 1.0654120445251465 11
1739493122910 1.0556098222732544 12
1739493135029 1.0409308671951294 13
1739493147606 1.033226490020752 14
1739493159703 1.0257681608200073 15
1739493170632 1.0141657590866089 16
1739493183162 1.0107730627059937 17
1739493195169 1.0067548751831055 18
1739493207562 1.002250075340271 19
1739493219627 0.9956614971160889 20
1739493230678 0.9957476258277893 21
1739493243273 0.9907388687133789 22
1739493255500 0.9880226254463196 23
1739493267939 0.9845714569091797 24
1739493279957 0.9809255599975586 25
1739493290930 0.9794762134552002 26
1739493303368 0.9734039902687073 27
1739493315408 0.9725492000579834 28
1739493327884 0.9711464643478394 29
1739493340228 0.9749306440353394 30
1739493351562 0.9701564908027649 31
1739493364571 0.9629865884780884 32
1739493377310 0.9568323493003845 33
1739493390266 0.9558349847793579 34
1739493409915 0.9522612690925598 35
1739493429886 0.9550894498825073 36
1739493449592 0.9517889022827148 37
1739493467289 0.9500574469566345 38
1739493487086 0.9512040615081787 39
1739493504575 0.9516230225563049 40
1739493522310 0.9461356401443481 41
1739493547175 0.9460226893424988 42
1739493568023 0.94565349817276 43
1739493584906 0.9437488913536072 44
1739493600835 0.9451665282249451 45
1739493622023 0.9410898089408875 46
1739493657434 0.9429087042808533 47
1739493677017 0.9451268315315247 48
1739493694928 0.9432687163352966 49
1739493721882 2.3749444484710693 0
1739493738647 1.8243356943130493 1
1739493757789 1.7705094814300537 2
1739493781881 1.7343546152114868 3
1739493800707 1.7155817747116089 4
1739493822048 1.7132902145385742 5
1739493844911 1.700937032699585 6
1739493862851 1.704016089439392 7
1739493886753 1.7030222415924072 8
1739493903398 1.6972779035568237 9
1739493919688 1.6906085014343262 10
1739493935434 1.6912740468978882 11
1739493951686 1.6925287246704102 12
1739493967479 1.6914366483688354 13
1739493983650 1.6986819505691528 14
1739493998227 1.6924625635147095 15
1739494014005 1.693143367767334 16
1739494028362 1.6853878498077393 17
1739494046075 1.6868585348129272 18
1739494063811 1.6870014667510986 19
1739494080963 1.6879335641860962 20
1739494108427 1.6903517246246338 21
1739494128855 1.6910476684570312 22
1739494146239 1.6854584217071533 23
1739494163286 1.6851814985275269 24
1739494183855 1.687035083770752 25
1739494202211 1.6993249654769897 26
1739494222959 1.6930245161056519 27
1739494240917 1.6919336318969727 28
1739494266770 1.684683918952942 29
1739494284063 1.6868704557418823 30
1739494302197 1.6838805675506592 31
1739494317886 1.6864765882492065 32
1739494332227 1.6881822347640991 33
1739494350921 1.6875771284103394 34
1739494378078 1.701542854309082 35
1739494400019 1.694229245185852 36
1739494421674 1.6953692436218262 37
1739494440461 1.6997565031051636 38
1739494456411 1.6999781131744385 39
1739494470948 1.6995290517807007 40
1739494485984 1.6967639923095703 41
1739494501753 1.6950056552886963 42
1739494518552 1.6925997734069824 43
1739494533209 1.6893342733383179 44
1739494548140 1.693434238433838 45
1739494562935 1.696887493133545 46
1739494577634 1.7044001817703247 47
1739494592584 1.6943470239639282 48
1739494607206 1.6891703605651855 49
1739494632393 5.026836395263672 0
1739494647800 3.333003282546997 1
1739494663002 2.7647879123687744 2
1739494678071 2.3806345462799072 3
1739494699599 2.0685572624206543 4
1739494724287 1.8827965259552002 5
1739494745070 1.765066385269165 6
1739494766816 1.6749516725540161 7
1739494792016 1.6132458448410034 8
1739494810291 1.5615891218185425 9
1739494828203 1.5319933891296387 10
1739494844935 1.5019861459732056 11
1739494860048 1.4802021980285645 12
1739494876664 1.456429362297058 13
1739494892391 1.437692403793335 14
1739494908288 1.420917272567749 15
1739494923948 1.4122933149337769 16
1739494940413 1.399477243423462 17
1739494956582 1.3878194093704224 18
1739494972208 1.384813666343689 19
1739494989594 1.3786014318466187 20
1739495005214 1.370431661605835 21
1739495020454 1.3627398014068604 22
1739495035567 1.3593900203704834 23
1739495050737 1.3508388996124268 24
1739495066072 1.354960322380066 25
1739495081185 1.34585702419281 26
1739495096178 1.3403438329696655 27
1739495111373 1.3420532941818237 28
1739495126378 1.340091347694397 29
1739495141544 1.336726188659668 30
1739495156394 1.32878577709198 31
1739495171888 1.3303579092025757 32
1739495196285 1.3226261138916016 33
1739495215216 1.3282396793365479 34
1739495231149 1.32730233669281 35
1739495248522 1.3278398513793945 36
