1739490855453 1.413200855255127 0
1739490876643 1.060838222503662 1
1739490897928 0.9126487374305725 2
1739490915859 0.8424233198165894 3
1739490934800 0.8021208643913269 4
1739490949980 0.7780552506446838 5
1739490966718 0.7635040283203125 6
1739490982861 0.7516394257545471 7
1739490998222 0.743414044380188 8
1739491013201 0.7355745434761047 9
1739491027815 0.7313637733459473 10
1739491042623 0.7260416746139526 11
1739491057490 0.7235414981842041 12
1739491072217 0.7211942076683044 13
1739491087023 0.7181866765022278 14
1739491103062 0.7158092260360718 15
1739491114910 0.7160179615020752 16
1739491126970 0.7133951783180237 17
1739491139363 0.7094380855560303 18
1739491151430 0.7094575762748718 19
1739491163272 0.7094836235046387 20
1739491175183 0.7088768482208252 21
1739491187124 0.7077183723449707 22
1739491199092 0.7083204984664917 23
1739491211126 0.7070561051368713 24
1739491224338 0.7054613828659058 25
1739491237260 0.7051697969436646 26
1739491249195 0.7061708569526672 27
1739491261121 0.7046141028404236 28
1739491273186 0.7066822648048401 29
1739491285116 0.7052479386329651 30
1739491297040 0.7047398090362549 31
1739491308953 0.7040450572967529 32
1739491320864 0.7049838900566101 33
1739491332706 0.7040497064590454 34
1739491344798 0.7043598890304565 35
1739491358567 0.7031266093254089 36
1739491370409 0.7025086879730225 37
1739491382433 0.7020758986473083 38
1739491394368 0.7029649615287781 39
1739491406289 0.7039390802383423 40
1739491417989 0.703946590423584 41
1739491429943 0.7030029892921448 42
1739491441863 0.7042808532714844 43
1739491453729 0.7045587301254272 44
1739491466921 0.7022578716278076 45
1739491478304 0.7030203342437744 46
1739491489754 0.7036678194999695 47
1739491501247 0.7021652460098267 48
1739491512734 0.7039933204650879 49
1739491534458 1.560147762298584 0
1739491546349 1.187313199043274 1
1739491558165 1.1021416187286377 2
1739491569913 1.0463356971740723 3
1739491581468 1.0041382312774658 4
1739491593411 0.9720850586891174 5
1739491605198 0.9414490461349487 6
1739491616900 0.9151915311813354 7
1739491628450 0.8902650475502014 8
1739491640095 0.868420422077179 9
1739491651923 0.8511562943458557 10
1739491663662 0.834946870803833 11
1739491675374 0.8193144202232361 12
1739491686916 0.8059913516044617 13
1739491698562 0.7937363982200623 14
1739491710234 0.7835957407951355 15
1739491722004 0.7737895846366882 16
1739491733578 0.7658798694610596 17
1739491745200 0.7590157389640808 18
1739491756844 0.7512003183364868 19
1739491768857 0.7433345913887024 20
1739491780557 0.7394350171089172 21
1739491792094 0.7366873025894165 22
1739491803805 0.7301793694496155 23
1739491815537 0.7256767153739929 24
1739491827121 0.7211478352546692 25
1739491838787 0.7180938124656677 26
1739491850404 0.7152053117752075 27
1739491862095 0.7117514610290527 28
1739491873709 0.710745632648468 29
1739491885352 0.7081429958343506 30
1739491897023 0.7067301869392395 31
1739491908754 0.705588698387146 32
1739491920557 0.7030142545700073 33
1739491932256 0.6998634338378906 34
1739491943859 0.6991593241691589 35
1739491955534 0.6974180340766907 36
1739491968726 0.6954529285430908 37
1739491980556 0.6942965984344482 38
1739491994819 0.6948859691619873 39
1739492009789 0.6925318837165833 40
1739492023930 0.6907813549041748 41
1739492038574 0.6892254948616028 42
1739492051237 0.6894751787185669 43
1739492066236 0.6878681778907776 44
1739492081485 0.6873860955238342 45
1739492096889 0.6852172613143921 46
1739492112643 0.6845300793647766 47
1739492126213 0.6846057176589966 48
1739492142559 0.6824924349784851 49
1739492181334 1.4350262880325317 0
1739492198869 0.8900561928749084 1
1739492219896 0.8006324172019958 2
1739492239818 0.7570589184761047 3
1739492258344 0.7325632572174072 4
1739492275777 0.7153252363204956 5
1739492295794 0.7035914659500122 6
1739492309037 0.6921563744544983 7
1739492326404 0.6845217943191528 8
1739492343280 0.676885187625885 9
1739492355600 0.6709999442100525 10
1739492373781 0.6648509502410889 11
1739492388599 0.6605005860328674 12
1739492402648 0.6560303568840027 13
1739492415162 0.6506607532501221 14
1739492430351 0.6487277746200562 15
1739492444558 0.6450027227401733 16
1739492459273 0.642637312412262 17
1739492476671 0.6400474905967712 18
1739492490019 0.6362097263336182 19
1739492507400 0.6346279382705688 20
1739492521572 0.631965160369873 21
1739492534190 0.6317473649978638 22
1739492546606 0.6282583475112915 23
1739492562386 0.6275171637535095 24
1739492575315 0.6244388222694397 25
1739492594887 0.624285876750946 26
1739492611700 0.6208515763282776 27
1739492623920 0.6217501163482666 28
1739492644014 0.6194120049476624 29
1739492659366 0.6198763847351074 30
1739492675225 0.6179652214050293 31
1739492690727 0.6163716316223145 32
1739492706325 0.6162521243095398 33
1739492721429 0.6163162589073181 34
1739492735003 0.6151258945465088 35
1739492748175 0.6140159964561462 36
1739492762544 0.6157470941543579 37
1739492778751 0.6141579151153564 38
1739492794310 0.6134530901908875 39
1739492807547 0.613959014415741 40
1739492821972 0.6130762696266174 41
1739492836379 0.6117547154426575 42
1739492850953 0.6128603219985962 43
1739492864464 0.6117780804634094 44
1739492877291 0.6114169359207153 45
1739492890778 0.6114376187324524 46
1739492903251 0.6086735129356384 47
1739492915796 0.6113101840019226 48
1739492927132 0.6118518114089966 49
1739492954612 1.2981140613555908 0
1739492971317 0.8507786393165588 1
1739492987374 0.773720920085907 2
1739493002152 0.7415598034858704 3
1739493014858 0.7204288840293884 4
1739493027819 0.7067259550094604 5
1739493041361 0.6958491802215576 6
1739493059021 0.6857372522354126 7
1739493074591 0.6773365139961243 8
1739493087155 0.6723881959915161 9
1739493099407 0.6642799377441406 10
1739493110359 0.6606094241142273 11
1739493122910 0.6557250022888184 12
1739493135029 0.6498103737831116 13
1739493147606 0.6461918950080872 14
1739493159703 0.6440811157226562 15
1739493170632 0.6399787068367004 16
1739493183162 0.6383844614028931 17
1739493195169 0.6369012594223022 18
1739493207562 0.6350687146186829 19
1739493219627 0.63273686170578 20
1739493230678 0.6319632530212402 21
1739493243273 0.6309860944747925 22
1739493255500 0.6301506757736206 23
1739493267939 0.6289832592010498 24
1739493279957 0.6274178624153137 25
1739493290930 0.6268103718757629 26
1739493303368 0.625159502029419 27
1739493315408 0.6249679923057556 28
1739493327884 0.6247765421867371 29
1739493340228 0.6251968145370483 30
1739493351562 0.6240082383155823 31
1739493364571 0.6226946115493774 32
1739493377310 0.6208397150039673 33
1739493390266 0.6216193437576294 34
1739493409915 0.6197802424430847 35
1739493429886 0.6209607720375061 36
1739493449592 0.6202887892723083 37
1739493467289 0.6210038065910339 38
1739493487086 0.6203035116195679 39
1739493504575 0.6198835968971252 40
1739493522310 0.6185639500617981 41
1739493547175 0.6181681752204895 42
1739493568023 0.6179825663566589 43
1739493584906 0.618175208568573 44
1739493600835 0.618002712726593 45
1739493622023 0.6176444292068481 46
1739493657434 0.618169903755188 47
1739493677017 0.6181569695472717 48
1739493694928 0.6171595454216003 49
1739493721882 0.9855043292045593 0
1739493738647 0.8305016160011292 1
1739493757789 0.8110404014587402 2
1739493781881 0.8017352223396301 3
1739493800707 0.7980725765228271 4
1739493822048 0.7978441715240479 5
1739493844911 0.7942904233932495 6
1739493862851 0.7967818975448608 7
1739493886753 0.7942924499511719 8
1739493903398 0.7944236397743225 9
1739493919688 0.7918581962585449 10
1739493935434 0.7931308150291443 11
1739493951686 0.7933670282363892 12
1739493967479 0.7924020886421204 13
1739493983650 0.7944200038909912 14
1739493998227 0.7933129668235779 15
1739494014005 0.7947397828102112 16
1739494028362 0.7921953797340393 17
1739494046075 0.7921220660209656 18
1739494063811 0.7931346297264099 19
1739494080963 0.7936885952949524 20
1739494108427 0.7947871088981628 21
1739494128855 0.7948535084724426 22
1739494146239 0.7929062247276306 23
1739494163286 0.7942235469818115 24
1739494183855 0.7938801050186157 25
1739494202211 0.7961214184761047 26
1739494222959 0.7953230738639832 27
1739494240917 0.7942056059837341 28
1739494266770 0.7934280633926392 29
1739494284063 0.7932248115539551 30
1739494302197 0.7948272228240967 31
1739494317886 0.7967290878295898 32
1739494332227 0.7972493171691895 33
1739494350921 0.7955806255340576 34
1739494378078 0.8002387285232544 35
1739494400019 0.7982208132743835 36
1739494421674 0.7986307740211487 37
1739494440461 0.7999197244644165 38
1739494456411 0.8006056547164917 39
1739494470948 0.8003012537956238 40
1739494485984 0.7989737391471863 41
1739494501753 0.7995138168334961 42
1739494518552 0.7975390553474426 43
1739494533209 0.7983337640762329 44
1739494548140 0.7995696067810059 45
1739494562935 0.79973304271698 46
1739494577634 0.79982990026474 47
1739494592584 0.7982633113861084 48
1739494607206 0.7978729605674744 49
1739494632393 1.5940617322921753 0
1739494647800 1.2679733037948608 1
1739494663002 1.1300514936447144 2
1739494678071 1.0308321714401245 3
1739494699599 0.9475860595703125 4
1739494724287 0.8927633762359619 5
1739494745070 0.8573829531669617 6
1739494766816 0.8272858262062073 7
1739494792016 0.8064050078392029 8
1739494810291 0.7886066436767578 9
1739494828203 0.7754708528518677 10
1739494844935 0.7646135687828064 11
1739494860048 0.755393922328949 12
1739494876664 0.7475998401641846 13
1739494892391 0.7386436462402344 14
1739494908288 0.7336573004722595 15
1739494923948 0.7285405397415161 16
1739494940413 0.7240085601806641 17
1739494956582 0.7196201682090759 18
1739494972208 0.7175229787826538 19
1739494989594 0.7153587341308594 20
1739495005214 0.7114589810371399 21
1739495020454 0.7091848850250244 22
1739495035567 0.7058570981025696 23
1739495050737 0.7034517526626587 24
1739495066072 0.7039960622787476 25
1739495081185 0.7001003623008728 26
1739495096178 0.6985657215118408 27
1739495111373 0.6984953880310059 28
1739495126378 0.697486937046051 29
1739495141544 0.6957988739013672 30
1739495156394 0.6931605339050293 31
1739495171888 0.6934967637062073 32
1739495196285 0.6918244361877441 33
1739495215216 0.6921389698982239 34
1739495231149 0.6921337246894836 35
1739495248522 0.6919724941253662 36
1739495267351 0.6905818581581116 37
1739495285918 0.6905797719955444 38
1739495311224 0.6889854073524475 39
1739495328143 0.6886048316955566 40
1739495348779 0.6897123456001282 41
1739495367466 0.6865055561065674 42
1739495383100 0.687674343585968 43
1739495398811 0.6885210275650024 44
1739495415458 0.6849451661109924 45
1739495430509 0.6870504021644592 46
1739495447411 0.6851729154586792 47
1739495464249 0.6837432980537415 48
1739495481060 0.6838960647583008 49
1739495525134 1.2760223150253296 0
1739495546979 0.8387148380279541 1
1739495566712 0.7718626260757446 2
1739495583469 0.7401303052902222 3
1739495601263 0.717801034450531 4
1739495624357 0.7037709951400757 5
1739495640416 0.6930795907974243 6
1739495659697 0.6865337491035461 7
1739495679567 0.6774890422821045 8
1739495694978 0.6705803275108337 9
1739495712952 0.6657174229621887 10
1739495730170 0.6592538952827454 11
1739495750422 0.6561977863311768 12
1739495767085 0.6507673263549805 13
1739495783992 0.6454456448554993 14
1739495801373 0.6443250179290771 15
1739495815860 0.6406433582305908 16
1739495832633 0.6368173360824585 17
1739495849184 0.6346722841262817 18
1739495866073 0.6333533525466919 19
1739495882938 0.6328506469726562 20
1739495899843 0.6301238536834717 21
1739495916167 0.6296943426132202 22
1739495936480 0.6279329061508179 23
1739495954189 0.6267508268356323 24
1739495973262 0.6252803802490234 25
1739495990696 0.624915599822998 26
1739496007415 0.6247237920761108 27
1739496023718 0.6242482662200928 28
1739496040820 0.6234830617904663 29
1739496060998 0.6232932806015015 30
1739496078131 0.6223799586296082 31
1739496093020 0.6220558881759644 32
1739496108882 0.621819019317627 33
1739496123397 0.6206855773925781 34
1739496144917 0.6224730610847473 35
1739496159562 0.6211168766021729 36
1739496176050 0.6218017935752869 37
1739496191861 0.6206992864608765 38
1739496208346 0.6202789545059204 39
1739496224560 0.620235025882721 40
1739496244051 0.619933545589447 41
1739496262080 0.6187947392463684 42
1739496278394 0.6200153827667236 43
1739496293516 0.6192457675933838 44
1739496308408 0.6190472841262817 45
1739496322655 0.6184893250465393 46
1739496337476 0.6184999346733093 47
1739496355506 0.6186715960502625 48
1739496369699 0.6179080009460449 49
1739496398240 1.1451464891433716 0
1739496418470 0.8094040155410767 1
