1739272364105 0.0010000000474974513 0
1739272375247 0.0010000000474974513 1
1739272386330 0.0010000000474974513 2
1739272397388 0.0010000000474974513 3
1739272408455 0.0010000000474974513 4
1739272419488 0.0010000000474974513 5
1739272430612 0.0010000000474974513 6
1739272441629 0.0010000000474974513 7
1739272452724 0.0010000000474974513 8
1739272463702 0.0010000000474974513 9
1739272474657 0.0010000000474974513 10
1739272485684 0.0010000000474974513 11
1739272496855 0.0010000000474974513 12
1739272508023 0.0010000000474974513 13
1739272518986 0.0010000000474974513 14
1739272529954 0.0010000000474974513 15
1739272541067 0.0010000000474974513 16
1739272551928 0.0010000000474974513 17
1739272562793 0.0010000000474974513 18
1739272573769 0.0005000000237487257 19
1739272584715 0.0005000000237487257 20
1739272595928 0.0005000000237487257 21
1739272606896 0.0005000000237487257 22
1739272617881 0.0005000000237487257 23
1739272628829 0.0005000000237487257 24
1739272639726 0.0005000000237487257 25
1739272650743 0.0005000000237487257 26
1739272661720 0.0005000000237487257 27
1739272672586 0.0005000000237487257 28
1739272683518 0.0002500000118743628 29
1739272694473 0.0002500000118743628 30
1739272705302 0.0002500000118743628 31
1739272716192 0.0002500000118743628 32
1739272727097 0.0002500000118743628 33
1739272738027 0.0002500000118743628 34
1739272748877 0.0002500000118743628 35
1739272759764 0.0002500000118743628 36
1739272770785 0.0002500000118743628 37
1739272781705 0.0002500000118743628 38
1739272793954 0.0002500000118743628 39
1739272810693 0.0002500000118743628 40
1739272822570 0.0002500000118743628 41
1739272838553 0.0002500000118743628 42
1739272851923 0.0002500000118743628 43
1739272865934 0.0002500000118743628 44
1739272880238 0.0002500000118743628 45
1739272892022 0.0002500000118743628 46
1739272906602 0.0002500000118743628 47
1739272921143 0.0002500000118743628 48
1739272935704 0.0002500000118743628 49
