1739272364105 3.429685592651367 0
1739272375247 1.59121572971344 1
1739272386330 1.36854887008667 2
1739272397388 1.2682502269744873 3
1739272408455 1.2147902250289917 4
1739272419488 1.1765066385269165 5
1739272430612 1.1463159322738647 6
1739272441629 1.121983528137207 7
1739272452724 1.1005885601043701 8
1739272463702 1.0870444774627686 9
1739272474657 1.070728063583374 10
1739272485684 1.062404751777649 11
1739272496855 1.0527091026306152 12
1739272508023 1.037484884262085 13
1739272518986 1.0386255979537964 14
1739272529954 1.025477647781372 15
1739272541067 1.0260099172592163 16
1739272551928 1.0210072994232178 17
1739272562793 1.014055848121643 18
1739272573769 0.9533674120903015 19
1739272584715 0.9452610611915588 20
1739272595928 0.9400766491889954 21
1739272606896 0.9324085116386414 22
1739272617881 0.9280973076820374 23
1739272628829 0.9253892302513123 24
1739272639726 0.9217817783355713 25
1739272650743 0.9184572696685791 26
1739272661720 0.9178187847137451 27
1739272672586 0.9156577587127686 28
1739272683518 0.8837661743164062 29
1739272694473 0.8749952912330627 30
1739272705302 0.8737494945526123 31
1739272716192 0.8660047650337219 32
1739272727097 0.8639556765556335 33
1739272738027 0.8594449758529663 34
1739272748877 0.8587492108345032 35
1739272759764 0.8558307886123657 36
1739272770785 0.8524898290634155 37
1739272781705 0.8538261651992798 38
1739272793954 0.8498581051826477 39
1739272810693 0.8533067107200623 40
1739272822570 0.8502810597419739 41
1739272838553 0.8445496559143066 42
1739272851923 0.8430256843566895 43
1739272865934 0.843717634677887 44
1739272880238 0.846022367477417 45
1739272892022 0.8488048315048218 46
1739272906602 0.8404288291931152 47
1739272921143 0.842113196849823 48
1739272935704 0.8399493098258972 49
