1739272364105 1.234690546989441 0
1739272375247 0.8293360471725464 1
1739272386330 0.7637889981269836 2
1739272397388 0.7338643670082092 3
1739272408455 0.7141335010528564 4
1739272419488 0.7004114985466003 5
1739272430612 0.689495861530304 6
1739272441629 0.6804134249687195 7
1739272452724 0.6708019375801086 8
1739272463702 0.6660401225090027 9
1739272474657 0.6597075462341309 10
1739272485684 0.6560847163200378 11
1739272496855 0.6520925164222717 12
1739272508023 0.6470557451248169 13
1739272518986 0.6456099152565002 14
1739272529954 0.6414080262184143 15
1739272541067 0.640544593334198 16
1739272551928 0.6379206776618958 17
1739272562793 0.6363623738288879 18
1739272573769 0.6154909133911133 19
1739272584715 0.6138635277748108 20
1739272595928 0.6132161617279053 21
1739272606896 0.6120836734771729 22
1739272617881 0.6106914281845093 23
1739272628829 0.6100700497627258 24
1739272639726 0.6097425222396851 25
1739272650743 0.6098213195800781 26
1739272661720 0.6089279055595398 27
1739272672586 0.6084822416305542 28
1739272683518 0.5978379249572754 29
1739272694473 0.5952379703521729 30
1739272705302 0.5959437489509583 31
1739272716192 0.594024121761322 32
1739272727097 0.5941944718360901 33
1739272738027 0.5934184193611145 34
1739272748877 0.5933761596679688 35
1739272759764 0.5929397344589233 36
1739272770785 0.5926022529602051 37
1739272781705 0.5935773253440857 38
1739272793954 0.5918076634407043 39
1739272810693 0.5930511355400085 40
1739272822570 0.5930709838867188 41
1739272838553 0.5913673043251038 42
1739272851923 0.5914722681045532 43
1739272865934 0.5916261076927185 44
1739272880238 0.5914105772972107 45
1739272892022 0.5930446982383728 46
1739272906602 0.5907731056213379 47
1739272921143 0.591122031211853 48
1739272935704 0.5904468297958374 49
