1739279726173 0.0010000000474974513 0
1739279744937 0.0010000000474974513 1
1739279761541 0.0010000000474974513 2
1739279779512 0.0010000000474974513 3
1739279796384 0.0010000000474974513 4
1739279813529 0.0010000000474974513 5
1739279836229 0.0010000000474974513 6
1739279853734 0.0010000000474974513 7
1739279867878 0.0010000000474974513 8
1739279883123 0.0010000000474974513 9
1739279903462 0.0010000000474974513 10
1739279915987 0.0010000000474974513 11
1739279930002 0.0010000000474974513 12
1739279945114 0.0010000000474974513 13
1739279959848 0.0010000000474974513 14
1739279974723 0.0010000000474974513 15
1739279989464 0.0010000000474974513 16
1739280003078 0.0010000000474974513 17
1739280017035 0.0010000000474974513 18
1739280032486 0.0010000000474974513 19
1739280047560 0.0010000000474974513 20
1739280062822 0.0005000000237487257 21
1739280079415 0.0005000000237487257 22
1739280094860 0.0005000000237487257 23
1739280110030 0.0005000000237487257 24
1739280124839 0.0005000000237487257 25
1739280139687 0.0005000000237487257 26
1739280154868 0.0005000000237487257 27
1739280169873 0.0005000000237487257 28
1739280184739 0.0005000000237487257 29
1739280199770 0.0005000000237487257 30
1739280214943 0.0005000000237487257 31
1739280230209 0.0005000000237487257 32
1739280244919 0.0005000000237487257 33
1739280261110 0.0005000000237487257 34
1739280277108 0.0005000000237487257 35
1739280292250 0.0005000000237487257 36
1739280307567 0.0005000000237487257 37
1739280322770 0.0005000000237487257 38
1739280337706 0.0005000000237487257 39
1739280351384 0.0005000000237487257 40
1739280364474 0.0005000000237487257 41
1739280379677 0.0005000000237487257 42
1739280395910 0.0005000000237487257 43
1739280411725 0.0005000000237487257 44
1739280427316 0.0005000000237487257 45
1739280440780 0.0005000000237487257 46
1739280454666 0.0002500000118743628 47
1739280468391 0.0002500000118743628 48
1739280482014 0.0002500000118743628 49
