1739279726173 3.4121134281158447 0
1739279744937 1.5943840742111206 1
1739279761541 1.3802399635314941 2
1739279779512 1.282701849937439 3
1739279796384 1.228642225265503 4
1739279813529 1.1881871223449707 5
1739279836229 1.1613649129867554 6
1739279853734 1.1320011615753174 7
1739279867878 1.115159511566162 8
1739279883123 1.0968552827835083 9
1739279903462 1.0834040641784668 10
1739279915987 1.0764224529266357 11
1739279930002 1.0621806383132935 12
1739279945114 1.0537983179092407 13
1739279959848 1.0471460819244385 14
1739279974723 1.0407663583755493 15
1739279989464 1.0322240591049194 16
1739280003078 1.027372121810913 17
1739280017035 1.0223793983459473 18
1739280032486 1.0200761556625366 19
1739280047560 1.017845869064331 20
1739280062822 0.9567670822143555 21
1739280079415 0.9462165832519531 22
1739280094860 0.9381880760192871 23
1739280110030 0.9374175667762756 24
1739280124839 0.9303286671638489 25
1739280139687 0.9309712648391724 26
1739280154868 0.9278349280357361 27
1739280169873 0.924572229385376 28
1739280184739 0.9255703091621399 29
1739280199770 0.9198758602142334 30
1739280214943 0.920585036277771 31
1739280230209 0.91518235206604 32
1739280244919 0.9125997424125671 33
1739280261110 0.9147002100944519 34
1739280277108 0.9080309867858887 35
1739280292250 0.9058610200881958 36
1739280307567 0.9069574475288391 37
1739280322770 0.9030002355575562 38
1739280337706 0.9015491604804993 39
1739280351384 0.8983181118965149 40
1739280364474 0.8990220427513123 41
1739280379677 0.8977690935134888 42
1739280395910 0.896986186504364 43
1739280411725 0.8964176774024963 44
1739280427316 0.8959164619445801 45
1739280440780 0.8954316973686218 46
1739280454666 0.8644456267356873 47
1739280468391 0.8554966449737549 48
1739280482014 0.8515483140945435 49
