1739279726173 1.2327122688293457 0
1739279744937 0.8290218114852905 1
1739279761541 0.7653099894523621 2
1739279779512 0.7345636487007141 3
1739279796384 0.7160546779632568 4
1739279813529 0.7023969888687134 5
1739279836229 0.6918756365776062 6
1739279853734 0.6811370253562927 7
1739279867878 0.6742571592330933 8
1739279883123 0.6667301654815674 9
1739279903462 0.6604645848274231 10
1739279915987 0.6574385166168213 11
1739279930002 0.6519840359687805 12
1739279945114 0.6488922834396362 13
1739279959848 0.6458303332328796 14
1739279974723 0.6434277892112732 15
1739279989464 0.6404269337654114 16
1739280003078 0.6393014788627625 17
1739280017035 0.6363202929496765 18
1739280032486 0.6353415846824646 19
1739280047560 0.6350775957107544 20
1739280062822 0.6153508424758911 21
1739280079415 0.6134086847305298 22
1739280094860 0.6112160086631775 23
1739280110030 0.611354410648346 24
1739280124839 0.6101745963096619 25
1739280139687 0.6107762455940247 26
1739280154868 0.6104718446731567 27
1739280169873 0.6099730134010315 28
1739280184739 0.6102139949798584 29
1739280199770 0.6092128753662109 30
1739280214943 0.6094193458557129 31
1739280230209 0.6090201139450073 32
1739280244919 0.6081633567810059 33
1739280261110 0.6091495156288147 34
1739280277108 0.607258677482605 35
1739280292250 0.6063360571861267 36
1739280307567 0.6069007515907288 37
1739280322770 0.6058667302131653 38
1739280337706 0.6069311499595642 39
1739280351384 0.6065619587898254 40
1739280364474 0.6061815023422241 41
1739280379677 0.6052252054214478 42
1739280395910 0.6058537364006042 43
1739280411725 0.6054373383522034 44
1739280427316 0.6049623489379883 45
1739280440780 0.6046764850616455 46
1739280454666 0.594721794128418 47
1739280468391 0.5926415324211121 48
1739280482014 0.5919530391693115 49
