1739461485662 5.854216575622559 0
1739461500694 3.7106146812438965 1
1739461515706 3.292572021484375 2
1739461530686 2.941344738006592 3
1739461545687 2.6383204460144043 4
1739461560690 2.413851499557495 5
1739461575607 2.210330009460449 6
1739461590855 2.04121994972229 7
1739461605825 1.9224034547805786 8
1739461620913 1.8338006734848022 9
1739461635776 1.7734639644622803 10
1739461650960 1.7061617374420166 11
1739461666214 1.6605279445648193 12
1739461681294 1.6273480653762817 13
1739461696095 1.5937291383743286 14
1739461710843 1.565349817276001 15
1739461725878 1.531446933746338 16
1739461740751 1.5065566301345825 17
1739461755696 1.4807101488113403 18
1739461770753 1.4637017250061035 19
1739461786139 1.4438072443008423 20
1739461803363 1.4313839673995972 21
1739461819182 1.4194445610046387 22
1739461835646 1.405634880065918 23
1739461851933 1.3955801725387573 24
1739461868419 1.3861998319625854 25
1739461883376 1.377400279045105 26
1739461899826 1.3700268268585205 27
1739461915810 1.3621631860733032 28
1739461932397 1.3624494075775146 29
1739461948739 1.3553916215896606 30
1739461964645 1.3459869623184204 31
1739461980976 1.344842553138733 32
1739461996806 1.3328696489334106 33
1739462012805 1.3293616771697998 34
1739462032614 1.3265596628189087 35
1739462052085 1.321313500404358 36
1739462074438 1.3211497068405151 37
1739462099950 1.320369839668274 38
1739462126955 1.317793369293213 39
1739462145398 1.3078954219818115 40
1739462161791 1.3062193393707275 41
1739462178754 1.3006235361099243 42
1739462195128 1.3025950193405151 43
1739462211294 1.302184820175171 44
1739462230670 1.300190806388855 45
1739462250330 1.2997829914093018 46
1739462265899 1.2935236692428589 47
1739462281623 1.2879737615585327 48
1739462304816 1.2882238626480103 49
1739462353201 2.6943609714508057 0
1739462378801 1.5240179300308228 1
1739462411626 1.3692044019699097 2
1739462435596 1.29042649269104 3
1739462460079 1.2421690225601196 4
1739462497630 1.2025572061538696 5
1739462561494 1.170738697052002 6
1739462604434 1.1459537744522095 7
1739462639999 1.1321027278900146 8
1739462670506 1.121229887008667 9
1739462704195 1.1089000701904297 10
1739462745542 1.097064733505249 11
1739462780379 1.0958949327468872 12
1739462820391 1.088776707649231 13
1739462862456 1.0925261974334717 14
1739462904226 1.0832840204238892 15
1739462943110 1.0787482261657715 16
1739462983330 1.0781874656677246 17
1739463015010 1.0760048627853394 18
1739463057750 1.0725579261779785 19
1739463100120 1.0676618814468384 20
1739463140326 1.0673019886016846 21
1739463184109 1.066219687461853 22
1739463223003 1.0700727701187134 23
1739463253663 1.0601081848144531 24
1739463291073 1.062309980392456 25
1739463330767 1.05986750125885 26
1739463369672 1.0598313808441162 27
1739463439428 1.0607784986495972 28
1739463508148 1.0565261840820312 29
1739463590436 1.054394006729126 30
1739463633021 1.0543625354766846 31
1739463691039 1.0584803819656372 32
1739463732119 1.053261399269104 33
1739463755400 1.0528053045272827 34
1739463789345 1.0577031373977661 35
1739463833242 1.0493496656417847 36
1739463881356 1.053460717201233 37
1739463933846 1.0524442195892334 38
1739463971378 1.0555506944656372 39
1739464008857 1.0536041259765625 40
1739464043274 1.0564018487930298 41
