1739461485662 1.739969253540039 0
1739461500694 1.3596984148025513 1
1739461515706 1.2631442546844482 2
1739461530686 1.1779615879058838 3
1739461545687 1.0995001792907715 4
1739461560690 1.0415785312652588 5
1739461575607 0.988705039024353 6
1739461590855 0.9453335404396057 7
1739461605825 0.9128403663635254 8
1739461620913 0.8854434490203857 9
1739461635776 0.8661940097808838 10
1739461650960 0.8455855250358582 11
1739461666214 0.8295258283615112 12
1739461681294 0.8177217841148376 13
1739461696095 0.8069142699241638 14
1739461710843 0.7957739233970642 15
1739461725878 0.7830706238746643 16
1739461740751 0.7749142646789551 17
1739461755696 0.7647165656089783 18
1739461770753 0.7582237720489502 19
1739461786139 0.7513763904571533 20
1739461803363 0.7459320425987244 21
1739461819182 0.7415077090263367 22
1739461835646 0.7357445955276489 23
1739461851933 0.7305983901023865 24
1739461868419 0.7275777459144592 25
1739461883376 0.7232730388641357 26
1739461899826 0.7210190892219543 27
1739461915810 0.7174342274665833 28
1739461932397 0.7158693671226501 29
1739461948739 0.7126958966255188 30
1739461964645 0.7099686861038208 31
1739461980976 0.708977222442627 32
1739461996806 0.7050467133522034 33
1739462012805 0.7024956345558167 34
1739462032614 0.7026813626289368 35
1739462052085 0.7009274363517761 36
1739462074438 0.6995174884796143 37
1739462099950 0.6991534233093262 38
1739462126955 0.6965613961219788 39
1739462145398 0.6946110725402832 40
1739462161791 0.6936777830123901 41
1739462178754 0.6917825937271118 42
1739462195128 0.6923032402992249 43
1739462211294 0.6911028623580933 44
1739462230670 0.6903650164604187 45
1739462250330 0.690475583076477 46
1739462265899 0.6886491775512695 47
1739462281623 0.6869738698005676 48
1739462304816 0.6862679123878479 49
1739462353201 1.103501796722412 0
1739462378801 0.8174558877944946 1
1739462411626 0.7603563666343689 2
1739462435596 0.7285395264625549 3
1739462460079 0.7072477340698242 4
1739462497630 0.6905105710029602 5
1739462561494 0.6794115900993347 6
1739462604434 0.6693457365036011 7
1739462639999 0.6627804040908813 8
1739462670506 0.659354031085968 9
1739462704195 0.6547577977180481 10
1739462745542 0.6494856476783752 11
1739462780379 0.6489413976669312 12
1739462820391 0.6465721130371094 13
1739462862456 0.6461388468742371 14
1739462904226 0.6428305506706238 15
1739462943110 0.6414056420326233 16
1739462983330 0.6417270302772522 17
1739463015010 0.6405652165412903 18
1739463057750 0.6392300128936768 19
1739463100120 0.6377958655357361 20
1739463140326 0.6372066140174866 21
1739463184109 0.6372984051704407 22
1739463223003 0.6376296281814575 23
1739463253663 0.635495126247406 24
1739463291073 0.6363052725791931 25
1739463330767 0.635259211063385 26
1739463369672 0.6350114345550537 27
1739463439428 0.6351413130760193 28
1739463508148 0.6342585682868958 29
1739463590436 0.6334283351898193 30
1739463633021 0.6333258152008057 31
1739463691039 0.6347805857658386 32
1739463732119 0.6323753595352173 33
1739463755400 0.6328328847885132 34
1739463789345 0.6341738104820251 35
1739463833242 0.6320467591285706 36
1739463881356 0.6330184936523438 37
1739463933846 0.6327081322669983 38
1739463971378 0.6340838670730591 39
1739464008857 0.6315428018569946 40
1739464043274 0.6322610378265381 41
1739464083710 0.6324165463447571 42
1739464110817 0.632430911064148 43
1739464133445 0.6333545446395874 44
1739464156300 0.6313174962997437 45
1739464178973 0.6326499581336975 46
1739464201834 0.6309677958488464 47
1739464224721 0.6333709359169006 48
1739464247335 0.6316736936569214 49
1739464299273 1.4197702407836914 0
