1747337659429 0.0010000000474974513 0
1747337660079 0.0010000000474974513 1
1747337660688 0.0010000000474974513 2
1747337661285 0.0010000000474974513 3
1747337662575 0.0010000000474974513 4
1747337663211 0.0010000000474974513 5
1747337663861 0.0010000000474974513 6
1747337664452 0.0010000000474974513 7
1747337665051 0.0010000000474974513 8
1747337665650 0.0010000000474974513 9
1747337666261 0.0010000000474974513 10
1747337666825 0.0010000000474974513 11
1747337667384 0.0010000000474974513 12
1747337668040 0.0010000000474974513 13
1747337668630 0.0010000000474974513 14
1747337669322 0.0010000000474974513 15
1747337670014 0.0010000000474974513 16
1747337670633 0.0010000000474974513 17
1747337671389 0.0010000000474974513 18
1747337671961 0.0010000000474974513 19
1747337672534 0.0010000000474974513 20
1747337673138 0.0010000000474974513 21
1747337673761 0.0010000000474974513 22
1747337674378 0.0010000000474974513 23
1747337675127 0.0010000000474974513 24
1747337675695 0.0010000000474974513 25
1747337676239 0.0010000000474974513 26
1747337676791 0.0010000000474974513 27
1747337677372 0.0010000000474974513 28
1747337678408 0.0010000000474974513 29
1747337679921 0.0010000000474974513 30
1747337682399 0.0010000000474974513 31
1747337684354 0.0010000000474974513 32
1747337685712 0.0010000000474974513 33
1747337686854 0.0010000000474974513 34
1747337688118 0.0010000000474974513 35
1747337688818 0.0010000000474974513 36
1747337689477 0.0010000000474974513 37
1747337690254 0.0010000000474974513 38
1747337691205 0.0010000000474974513 39
1747337691947 0.0010000000474974513 40
1747337692726 0.0010000000474974513 41
1747337693484 0.0010000000474974513 42
1747337694164 0.0010000000474974513 43
1747337695095 0.0010000000474974513 44
1747337696077 0.0010000000474974513 45
1747337697284 0.0010000000474974513 46
1747337698641 0.0010000000474974513 47
1747337699427 0.0010000000474974513 48
1747337700759 0.0010000000474974513 49
