1747337659429 173.64170837402344 0
1747337660079 123.7579116821289 1
1747337660688 54.62958908081055 2
1747337661285 18.33007049560547 3
1747337662575 11.254253387451172 4
1747337663211 10.448522567749023 5
1747337663861 10.036920547485352 6
1747337664452 9.86008071899414 7
1747337665051 9.275267601013184 8
1747337665650 9.271458625793457 9
1747337666261 8.771854400634766 10
1747337666825 8.856658935546875 11
1747337667384 8.20640754699707 12
1747337668040 8.104487419128418 13
1747337668630 7.914270877838135 14
1747337669322 7.741212368011475 15
1747337670014 7.624846458435059 16
1747337670633 7.628951549530029 17
1747337671389 7.428776264190674 18
1747337671961 7.157352447509766 19
1747337672534 7.0310845375061035 20
1747337673138 6.993379592895508 21
1747337673761 6.76214075088501 22
1747337674378 6.8814167976379395 23
1747337675127 6.568536758422852 24
1747337675695 6.530932426452637 25
1747337676239 6.5389299392700195 26
1747337676791 6.265379905700684 27
1747337677372 6.348604679107666 28
1747337678408 6.202503681182861 29
1747337679921 6.076258659362793 30
1747337682399 6.002285003662109 31
1747337684354 5.877729892730713 32
1747337685712 5.802135467529297 33
1747337686854 5.7096028327941895 34
1747337688118 5.675843715667725 35
1747337688818 5.612166404724121 36
1747337689477 5.479413986206055 37
1747337690254 5.449557304382324 38
1747337691205 5.312708377838135 39
1747337691947 5.263594627380371 40
1747337692726 5.152958869934082 41
1747337693484 4.992108345031738 42
1747337694164 4.959217071533203 43
1747337695095 4.877130508422852 44
1747337696077 4.856319904327393 45
1747337697284 4.84373664855957 46
1747337698641 4.62494421005249 47
1747337699427 4.608047008514404 48
1747337700759 4.64375114440918 49
