1747337659429 9.509403228759766 0
1747337660079 7.8480424880981445 1
1747337660688 4.881484508514404 2
1747337661285 2.465104341506958 3
1747337662575 1.8995627164840698 4
1747337663211 1.8241467475891113 5
1747337663861 1.7765991687774658 6
1747337664452 1.749788761138916 7
1747337665051 1.6918613910675049 8
1747337665650 1.6794050931930542 9
1747337666261 1.633829951286316 10
1747337666825 1.6337922811508179 11
1747337667384 1.5790070295333862 12
1747337668040 1.5703383684158325 13
1747337668630 1.5536799430847168 14
1747337669322 1.5378878116607666 15
1747337670014 1.5237550735473633 16
1747337670633 1.5234566926956177 17
1747337671389 1.4999923706054688 18
1747337671961 1.4764275550842285 19
1747337672534 1.4616867303848267 20
1747337673138 1.4549511671066284 21
1747337673761 1.4330368041992188 22
1747337674378 1.4496241807937622 23
1747337675127 1.4136823415756226 24
1747337675695 1.4055265188217163 25
1747337676239 1.4067542552947998 26
1747337676791 1.380414366722107 27
1747337677372 1.3843389749526978 28
1747337678408 1.3700857162475586 29
1747337679921 1.3584716320037842 30
1747337682399 1.34605872631073 31
1747337684354 1.3274940252304077 32
1747337685712 1.3226820230484009 33
1747337686854 1.3135614395141602 34
1747337688118 1.302091121673584 35
1747337688818 1.3013794422149658 36
1747337689477 1.2776844501495361 37
1747337690254 1.2777178287506104 38
1747337691205 1.257466435432434 39
1747337691947 1.2456896305084229 40
1747337692726 1.2363386154174805 41
1747337693484 1.216152548789978 42
1747337694164 1.2138592004776 43
1747337695095 1.2043684720993042 44
1747337696077 1.1931875944137573 45
1747337697284 1.1965597867965698 46
1747337698641 1.1682658195495605 47
1747337699427 1.165610909461975 48
1747337700759 1.1695775985717773 49
