1747508280015 0.0010000000474974513 0
1747508280818 0.0010000000474974513 1
1747508281458 0.0010000000474974513 2
1747508282071 0.0010000000474974513 3
1747508282933 0.0010000000474974513 4
1747508283811 0.0010000000474974513 5
1747508284592 0.0010000000474974513 6
1747508285209 0.0010000000474974513 7
1747508285801 0.0010000000474974513 8
1747508286361 0.0010000000474974513 9
1747508287363 0.0010000000474974513 10
1747508288062 0.0010000000474974513 11
1747508288769 0.0010000000474974513 12
1747508289399 0.0010000000474974513 13
1747508290033 0.0010000000474974513 14
1747508290599 0.0010000000474974513 15
1747508291183 0.0010000000474974513 16
1747508291788 0.0010000000474974513 17
1747508292410 0.0010000000474974513 18
1747508293028 0.0010000000474974513 19
1747508293663 0.0010000000474974513 20
1747508294275 0.0010000000474974513 21
1747508294908 0.0010000000474974513 22
1747508295787 0.0010000000474974513 23
1747508296423 0.0010000000474974513 24
1747508297020 0.0010000000474974513 25
1747508297640 0.0010000000474974513 26
1747508298761 0.0010000000474974513 27
1747508299399 0.0010000000474974513 28
1747508299973 0.0010000000474974513 29
1747508300594 0.0010000000474974513 30
1747508301232 0.0010000000474974513 31
1747508301818 0.0010000000474974513 32
1747508302576 0.0010000000474974513 33
1747508303213 0.0010000000474974513 34
1747508303818 0.0010000000474974513 35
1747508304458 0.0010000000474974513 36
1747508305112 0.0010000000474974513 37
1747508306116 0.0010000000474974513 38
1747508306749 0.0010000000474974513 39
1747508307316 0.0010000000474974513 40
1747508307965 0.0010000000474974513 41
1747508309340 0.0010000000474974513 42
1747508310006 0.0010000000474974513 43
1747508310626 0.0010000000474974513 44
1747508311255 0.0010000000474974513 45
1747508311893 0.0010000000474974513 46
1747508312493 0.0010000000474974513 47
1747508313262 0.0010000000474974513 48
1747508313876 0.0010000000474974513 49
