1747508280015 136.68539428710938 0
1747508280818 77.58676147460938 1
1747508281458 23.134687423706055 2
1747508282071 11.806737899780273 3
1747508282933 10.789836883544922 4
1747508283811 10.017868995666504 5
1747508284592 9.903592109680176 6
1747508285209 9.36943531036377 7
1747508285801 8.970922470092773 8
1747508286361 8.926136016845703 9
1747508287363 8.503079414367676 10
1747508288062 8.294525146484375 11
1747508288769 8.189948081970215 12
1747508289399 7.8890509605407715 13
1747508290033 7.793091297149658 14
1747508290599 7.684981346130371 15
1747508291183 7.499454498291016 16
1747508291788 7.319193363189697 17
1747508292410 7.369441509246826 18
1747508293028 7.102685451507568 19
1747508293663 6.961421966552734 20
1747508294275 6.827743053436279 21
1747508294908 6.806272983551025 22
1747508295787 6.642204284667969 23
1747508296423 6.5506486892700195 24
1747508297020 6.413636684417725 25
1747508297640 6.386813163757324 26
1747508298761 6.263782978057861 27
1747508299399 6.106278419494629 28
1747508299973 5.999416828155518 29
1747508300594 5.881646156311035 30
1747508301232 5.750372886657715 31
1747508301818 5.747715950012207 32
1747508302576 5.658712387084961 33
1747508303213 5.46964693069458 34
1747508303818 5.442214012145996 35
1747508304458 5.346497058868408 36
1747508305112 5.23714017868042 37
1747508306116 5.201749801635742 38
1747508306749 5.2894134521484375 39
1747508307316 5.182816505432129 40
1747508307965 5.0723700523376465 41
1747508309340 4.988098621368408 42
1747508310006 4.946415901184082 43
1747508310626 4.901835918426514 44
1747508311255 4.824706554412842 45
1747508311893 4.786046981811523 46
1747508312493 4.738146781921387 47
1747508313262 4.802736759185791 48
1747508313876 4.725909233093262 49
