1747508280015 8.413395881652832 0
1747508280818 6.073971748352051 1
1747508281458 2.919240713119507 2
1747508282071 2.0226263999938965 3
1747508282933 1.9422351121902466 4
1747508283811 1.8703945875167847 5
1747508284592 1.8366461992263794 6
1747508285209 1.791298270225525 7
1747508285801 1.7476770877838135 8
1747508286361 1.733767032623291 9
1747508287363 1.6958885192871094 10
1747508288062 1.6764696836471558 11
1747508288769 1.6548150777816772 12
1747508289399 1.6311994791030884 13
1747508290033 1.6181524991989136 14
1747508290599 1.6031687259674072 15
1747508291183 1.5806280374526978 16
1747508291788 1.5631424188613892 17
1747508292410 1.5637545585632324 18
1747508293028 1.543662667274475 19
1747508293663 1.5221552848815918 20
1747508294275 1.5099116563796997 21
1747508294908 1.508614420890808 22
1747508295787 1.4903860092163086 23
1747508296423 1.4691073894500732 24
1747508297020 1.4660841226577759 25
1747508297640 1.4570872783660889 26
1747508298761 1.443813443183899 27
1747508299399 1.4185729026794434 28
1747508299973 1.412667155265808 29
1747508300594 1.4009639024734497 30
1747508301232 1.3858174085617065 31
1747508301818 1.3863919973373413 32
1747508302576 1.37212336063385 33
1747508303213 1.351245641708374 34
1747508303818 1.3467085361480713 35
1747508304458 1.3338696956634521 36
1747508305112 1.324770450592041 37
1747508306116 1.3190873861312866 38
1747508306749 1.3260174989700317 39
1747508307316 1.3215452432632446 40
1747508307965 1.3004765510559082 41
1747508309340 1.2896815538406372 42
1747508310006 1.2838495969772339 43
1747508310626 1.2757015228271484 44
1747508311255 1.2665905952453613 45
1747508311893 1.2669520378112793 46
1747508312493 1.261012315750122 47
1747508313262 1.2577627897262573 48
1747508313876 1.2501646280288696 49
