1739291388906 0.0010000000474974513 0
1739291405412 0.0010000000474974513 1
1739291421637 0.0010000000474974513 2
1739291435841 0.0010000000474974513 3
1739291450266 0.0010000000474974513 4
1739291464644 0.0010000000474974513 5
1739291478906 0.0010000000474974513 6
1739291493187 0.0010000000474974513 7
1739291507426 0.0010000000474974513 8
1739291521694 0.0010000000474974513 9
1739291535828 0.0010000000474974513 10
1739291549991 0.0010000000474974513 11
1739291564192 0.0010000000474974513 12
1739291578539 0.0010000000474974513 13
1739291592680 0.0010000000474974513 14
1739291606929 0.0010000000474974513 15
1739291621136 0.0010000000474974513 16
1739291635495 0.0010000000474974513 17
1739291649691 0.0010000000474974513 18
1739291665864 0.0010000000474974513 19
1739291684660 0.0010000000474974513 20
1739291700606 0.0010000000474974513 21
1739291716613 0.0010000000474974513 22
1739291732612 0.0010000000474974513 23
1739291747280 0.0010000000474974513 24
1739291766553 0.0010000000474974513 25
1739291783587 0.0010000000474974513 26
1739291801852 0.0010000000474974513 27
1739291819146 0.0010000000474974513 28
1739291836302 0.0010000000474974513 29
1739291853608 0.0010000000474974513 30
1739291871016 0.0005000000237487257 31
1739291888262 0.0005000000237487257 32
1739291903940 0.0005000000237487257 33
1739291919804 0.0005000000237487257 34
1739291935536 0.0005000000237487257 35
1739291951628 0.0005000000237487257 36
1739291967151 0.0005000000237487257 37
1739291982814 0.0005000000237487257 38
1739291998284 0.0005000000237487257 39
1739292013806 0.0005000000237487257 40
1739292029256 0.0005000000237487257 41
1739292045241 0.0005000000237487257 42
1739292060611 0.0005000000237487257 43
1739292076085 0.0002500000118743628 44
1739292092109 0.0002500000118743628 45
1739292106382 0.0002500000118743628 46
1739292121833 0.0002500000118743628 47
1739292136006 0.0002500000118743628 48
1739292151526 0.0002500000118743628 49
