1739291388906 3.4490885734558105 0
1739291405412 1.6084730625152588 1
1739291421637 1.3778011798858643 2
1739291435841 1.2804902791976929 3
1739291450266 1.2183082103729248 4
1739291464644 1.175749659538269 5
1739291478906 1.1498509645462036 6
1739291493187 1.1311150789260864 7
1739291507426 1.108947515487671 8
1739291521694 1.0924766063690186 9
1739291535828 1.082836627960205 10
1739291549991 1.0705795288085938 11
1739291564192 1.0627272129058838 12
1739291578539 1.0510462522506714 13
1739291592680 1.0493141412734985 14
1739291606929 1.0373421907424927 15
1739291621136 1.0343284606933594 16
1739291635495 1.0290803909301758 17
1739291649691 1.0186598300933838 18
1739291665864 1.0176500082015991 19
1739291684660 1.011070728302002 20
1739291700606 1.0057530403137207 21
1739291716613 1.0035338401794434 22
1739291732612 1.0057363510131836 23
1739291747280 1.0004302263259888 24
1739291766553 0.9927684664726257 25
1739291783587 0.9966508746147156 26
1739291801852 0.9924694299697876 27
1739291819146 0.9926207661628723 28
1739291836302 0.9898011684417725 29
1739291853608 0.9880209565162659 30
1739291871016 0.937451183795929 31
1739291888262 0.9192854762077332 32
1739291903940 0.9175301790237427 33
1739291919804 0.9175370931625366 34
1739291935536 0.9088863730430603 35
1739291951628 0.9068912267684937 36
1739291967151 0.902850866317749 37
1739291982814 0.8987537026405334 38
1739291998284 0.8961210250854492 39
1739292013806 0.8922121524810791 40
1739292029256 0.8942592144012451 41
1739292045241 0.8919220566749573 42
1739292060611 0.8900073766708374 43
1739292076085 0.8589605093002319 44
1739292092109 0.851091206073761 45
1739292106382 0.8469582200050354 46
1739292121833 0.8472421765327454 47
1739292136006 0.844724178314209 48
1739292151526 0.841058611869812 49
