1739291388906 1.2379924058914185 0
1739291405412 0.8313808441162109 1
1739291421637 0.7655377984046936 2
1739291435841 0.73403000831604 3
1739291450266 0.7134625315666199 4
1739291464644 0.6987417936325073 5
1739291478906 0.689163088798523 6
1739291493187 0.6806745529174805 7
1739291507426 0.6732374429702759 8
1739291521694 0.6663735508918762 9
1739291535828 0.6626120209693909 10
1739291549991 0.6573362350463867 11
1739291564192 0.6537322998046875 12
1739291578539 0.6484836339950562 13
1739291592680 0.6474619507789612 14
1739291606929 0.6427149772644043 15
1739291621136 0.6417511701583862 16
1739291635495 0.6404995918273926 17
1739291649691 0.6365537047386169 18
1739291665864 0.635998010635376 19
1739291684660 0.6338374018669128 20
1739291700606 0.6314737200737 21
1739291716613 0.6307368278503418 22
1739291732612 0.6311973929405212 23
1739291747280 0.6297149062156677 24
1739291766553 0.627259373664856 25
1739291783587 0.6292227506637573 26
1739291801852 0.6274654865264893 27
1739291819146 0.62712162733078 28
1739291836302 0.6268224120140076 29
1739291853608 0.6261177659034729 30
1739291871016 0.6089794039726257 31
1739291888262 0.6047751307487488 32
1739291903940 0.6049875020980835 33
1739291919804 0.6054801344871521 34
1739291935536 0.6039988398551941 35
1739291951628 0.6028263568878174 36
1739291967151 0.6030362844467163 37
1739291982814 0.6022408604621887 38
1739291998284 0.6024882793426514 39
1739292013806 0.6019139289855957 40
1739292029256 0.6027079224586487 41
1739292045241 0.6026644706726074 42
1739292060611 0.6016385555267334 43
1739292076085 0.5909391641616821 44
1739292092109 0.5898798108100891 45
1739292106382 0.588759183883667 46
1739292121833 0.5893090963363647 47
1739292136006 0.5889577865600586 48
1739292151526 0.5881715416908264 49
